step,population_size,births,newborn_AA,newborn_AS,newborn_SS,prop_newborn_AA,prop_newborn_AS,prop_newborn_SS,prop_repro_AA,prop_repro_AS,prop_AS_population
1,5894,1312,1297,15,0,0.9885670731707317,0.011432926829268292,0.0,0.9908571428571429,0.009142857142857144,0.010858500169664066
2,6509,1205,1199,6,0,0.9950207468879668,0.004979253112033195,0.0,0.9908606245239908,0.00913937547600914,0.010447073283146412
3,7072,1141,1129,12,0,0.9894829097283085,0.010517090271691499,0.0,0.9908606245239908,0.00913937547600914,0.010888009049773755
4,7586,1081,1060,21,0,0.9805735430157262,0.01942645698427382,0.0,0.987734764277501,0.012265235722499043,0.012391247034010018
5,8345,1319,1300,19,0,0.9855951478392722,0.014404852160727824,0.0,0.9870481927710844,0.012951807228915663,0.012941881366087477
6,9208,1475,1457,18,0,0.9877966101694915,0.012203389830508475,0.0,0.9885699771399543,0.01143002286004572,0.013140747176368376
7,10140,1583,1558,25,0,0.9842072015161086,0.015792798483891344,0.0,0.9882169853268119,0.011783014673188083,0.013905325443786982
8,11110,1652,1635,17,0,0.9897094430992736,0.010290556900726392,0.0,0.986208275034979,0.013791724965020987,0.01377137713771377
9,12166,1766,1742,24,0,0.986409966024915,0.013590033975084938,0.0,0.9854155684413987,0.0145844315586013,0.014137760973204011
10,13308,1891,1857,34,0,0.9820200951877314,0.017979904812268643,0.0,0.9852102911723926,0.014789708827607457,0.015103697024346259
11,14520,2010,1973,37,0,0.9815920398009951,0.018407960199004977,0.0,0.9842412715663633,0.015758728433636734,0.01584022038567493
12,15786,2119,2086,33,0,0.9844266163284568,0.01557338367154318,0.0,0.9856158588178412,0.01438414118215883,0.016090206512099327
13,16942,2079,2056,23,0,0.9889369889369889,0.011063011063011063,0.0,0.985192040721888,0.014807959278111986,0.015818675481053004
14,18055,2093,2068,25,0,0.9880554228380315,0.011944577161968466,0.0,0.9833424060968972,0.016657593903102886,0.015785101080033233
15,19123,2137,2103,34,0,0.984089845577913,0.015910154422087038,0.0,0.9823439878234399,0.017656012176560123,0.016106259478115358
16,20149,2205,2168,36,1,0.9832199546485261,0.0163265306122449,0.00045351473922902497,0.9825187969924812,0.017481203007518795,0.016377984019058017
17,21078,2229,2187,42,0,0.9811574697173621,0.018842530282637954,0.0,0.983143061006065,0.016856938993935068,0.016937090805579275
18,21905,2240,2203,37,0,0.9834821428571429,0.016517857142857143,0.0,0.9832206146734013,0.01677938532659875,0.017073727459484135
19,22650,2248,2209,39,0,0.9826512455516014,0.017348754448398576,0.0,0.9833002645502645,0.01669973544973545,0.017306843267108168
20,23334,2262,2228,33,1,0.9849690539345711,0.014588859416445624,0.0004420866489832007,0.9826538768984812,0.017346123101518784,0.01727093511613954
21,23956,2268,2224,44,0,0.9805996472663139,0.019400352733686066,0.0,0.9819511436128832,0.01804885638711685,0.017907831023543163
22,24491,2265,2226,39,0,0.9827814569536424,0.017218543046357615,0.0,0.9820815859702631,0.017918414029736943,0.018129108652157937
23,24931,2254,2202,51,1,0.976929902395741,0.022626441881100266,0.00044365572315882877,0.9820233170364798,0.01797668296352012,0.01877181019614135
24,25285,2240,2195,45,0,0.9799107142857143,0.020089285714285716,0.0,0.9821748210023866,0.017825178997613364,0.019102234526399052
25,25569,2238,2180,58,0,0.9740840035746202,0.025915996425379804,0.0,0.9811111930937799,0.018888806906220024,0.019946028393758065
26,25790,2238,2195,43,0,0.9807864164432529,0.019213583556747096,0.0,0.9805555555555555,0.019444444444444445,0.020085304381543233
27,25953,2235,2189,46,0,0.9794183445190157,0.02058165548098434,0.0,0.9796585543043952,0.020341445695604796,0.020460062420529418
28,26066,2228,2185,42,1,0.9807001795332136,0.018850987432675045,0.0004488330341113106,0.9791168153143355,0.020883184685664562,0.02067827821683419
29,26141,2220,2159,61,0,0.9725225225225225,0.027477477477477478,0.0,0.978180500181225,0.02181949981877492,0.021613557247236143
30,26187,2214,2162,52,0,0.976513098464318,0.023486901535682024,0.0,0.9778132250580046,0.02218677494199536,0.02207202046817123
31,26207,2209,2170,39,0,0.9823449524671797,0.01765504753282028,0.0,0.9774310595065312,0.022568940493468796,0.022093333842103255
32,26206,2204,2147,57,0,0.9741379310344828,0.02586206896551724,0.0,0.976950483530866,0.02304951646913401,0.02285736090971533
33,26187,2198,2144,54,0,0.9754322111010009,0.02456778889899909,0.0,0.975801749271137,0.024198250728862974,0.02333218772673464
34,26154,2194,2141,53,0,0.9758432087511395,0.02415679124886053,0.0,0.9750054812541109,0.02499451874588906,0.02382044811501109
35,26111,2191,2132,59,0,0.9730716567777271,0.026928343222272933,0.0,0.9756043956043956,0.024395604395604394,0.024472444563593886
36,26065,2189,2134,55,0,0.9748743718592965,0.02512562814070352,0.0,0.9749651273768446,0.025034872623155423,0.024976021484749665
37,26014,2187,2155,32,0,0.9853680841335163,0.014631915866483767,0.0,0.9749816041206769,0.025018395879323033,0.02456369647113093
38,25961,2186,2133,52,1,0.9757548032936871,0.023787740164684355,0.0004574565416285453,0.9742568414841042,0.025743158515895846,0.024921998382188667
39,25909,2184,2123,60,1,0.9720695970695971,0.027472527472527472,0.0004578754578754579,0.9734506729773702,0.026549327022629788,0.025396580338878382
40,25860,2182,2111,71,0,0.967461044912924,0.03253895508707608,0.0,0.972722555777926,0.027277444222073975,0.026179427687548336
41,25820,2181,2135,46,0,0.9789087574507107,0.02109124254928932,0.0,0.9745951567374833,0.025404843262516713,0.02602633617350891
42,25781,2181,2112,69,0,0.9683631361760661,0.03163686382393398,0.0,0.9744829638446659,0.025517036155334027,0.026802684147240217
43,25750,2180,2132,48,0,0.9779816513761468,0.022018348623853212,0.0,0.9731803620651122,0.02681963793488788,0.02679611650485437
44,25721,2180,2113,66,1,0.9692660550458716,0.030275229357798167,0.00045871559633027525,0.9721828622566933,0.027817137743306734,0.02752614595077952
45,25695,2181,2128,53,0,0.9756992205410362,0.024300779458963778,0.0,0.9726078519181968,0.027392148081803253,0.027515080755010704
46,25676,2181,2115,66,0,0.9697386519944979,0.030261348005502064,0.0,0.9715438046157293,0.02845619538427067,0.028158591680947188
47,25660,2181,2125,54,2,0.9743237047226043,0.024759284731774415,0.0009170105456212746,0.9721973094170404,0.02780269058295964,0.028293063133281372
48,25646,2181,2111,70,0,0.9679046309032554,0.03209536909674461,0.0,0.9713602033949001,0.028639796605099826,0.02904936442330188
49,25635,2182,2106,76,0,0.9651695692025665,0.034830430797433545,0.0,0.9701615315584804,0.02983846844151959,0.02984201287302516
50,25629,2182,2123,59,0,0.9729605866177818,0.027039413382218148,0.0,0.9692572368913157,0.03074276310868427,0.029927035779780717
51,25622,2182,2119,63,0,0.9711274060494959,0.028872593950504125,0.0,0.9696289646918013,0.030371035308198683,0.03028647256264148
52,25621,2182,2106,76,0,0.9651695692025665,0.034830430797433545,0.0,0.969624420170582,0.030375579829417926,0.031146325280043713
53,25620,2183,2106,76,1,0.9647274393037105,0.03481447549244159,0.0004580852038479157,0.9678360385967537,0.032163961403246316,0.03185011709601874
54,25621,2183,2119,63,1,0.9706825469537333,0.02885936784241869,0.0004580852038479157,0.9684320766008379,0.03156792339916218,0.03208305686741345
55,25621,2183,2134,49,0,0.9775538250114522,0.02244617498854787,0.0,0.9675392670157068,0.032460732984293195,0.03169275203934273
56,25619,2184,2120,64,0,0.9706959706959707,0.029304029304029304,0.0,0.9669483287220519,0.03305167127794811,0.031890393848315705
57,25620,2184,2111,72,1,0.9665750915750916,0.03296703296703297,0.0004578754578754579,0.9655352870813397,0.03446471291866029,0.03235753317720531
58,25625,2184,2114,69,1,0.967948717948718,0.03159340659340659,0.0004578754578754579,0.9659014432064608,0.03409855679353922,0.03270243902439025
59,25630,2184,2116,68,0,0.9688644688644689,0.031135531135531136,0.0,0.9663576555023924,0.033642344497607654,0.03293015996878658
60,25633,2184,2110,73,1,0.9661172161172161,0.033424908424908424,0.0004578754578754579,0.9665944249308721,0.03340557506912787,0.03339445246362111
61,25637,2184,2118,66,0,0.9697802197802198,0.03021978021978022,0.0,0.9666716484830369,0.03332835151696308,0.03350626048289582
62,25637,2184,2123,60,1,0.9720695970695971,0.027472527472527472,0.0004578754578754579,0.9660763655383696,0.03392363446163043,0.03335023598704997
63,25640,2184,2116,67,1,0.9688644688644689,0.030677655677655676,0.0004578754578754579,0.9658573029510646,0.034142697048935376,0.03350234009360374
64,25641,2184,2107,77,0,0.9647435897435898,0.035256410256410256,0.0,0.9659345584939489,0.0340654415060511,0.03393003393003393
65,25646,2184,2112,72,0,0.967032967032967,0.03296703296703297,0.0,0.9664574929030331,0.03354250709696698,0.034196365905014424
66,25646,2184,2102,82,0,0.9624542124542125,0.037545787545787544,0.0,0.9666093971763652,0.03339060282363487,0.034703267566092176
67,25647,2184,2110,74,0,0.9661172161172161,0.03388278388278388,0.0,0.9656383058190782,0.03436169418092179,0.034857878114399346
68,25645,2184,2108,76,0,0.9652014652014652,0.0347985347985348,0.0,0.9648913124673191,0.03510868753268096,0.035133554299083644
69,25645,2184,2103,81,0,0.9629120879120879,0.03708791208791209,0.0,0.9649581589958159,0.0350418410041841,0.03564047572626243
70,25647,2184,2103,80,1,0.9629120879120879,0.03663003663003663,0.0004578754578754579,0.9641362821279139,0.03586371787208607,0.03606659648301946
71,25646,2184,2101,82,1,0.961996336996337,0.037545787545787544,0.0004578754578754579,0.9637681159420289,0.036231884057971016,0.036574904468533107
72,25649,2184,2110,74,0,0.9661172161172161,0.03388278388278388,0.0,0.9634747535106065,0.03652524648939349,0.036804553783773244
73,25646,2184,2115,67,2,0.9684065934065934,0.030677655677655676,0.0009157509157509158,0.9626531221989841,0.03734687780101584,0.036730874210403185
74,25644,2184,2095,88,1,0.9592490842490843,0.040293040293040296,0.0004578754578754579,0.9615355889162746,0.03846441108372545,0.03743565746373421
75,25649,2185,2090,94,1,0.9565217391304348,0.043020594965675056,0.0004576659038901602,0.9607169529499626,0.039283047050037344,0.03832508089984015
76,25656,2185,2107,78,0,0.9643020594965676,0.035697940503432495,0.0,0.9609439175565678,0.03905608244343216,0.03858746492048644
77,25658,2184,2097,87,0,0.9601648351648352,0.03983516483516483,0.0,0.9613144137415982,0.038685586258401794,0.039247018473770365
78,25660,2184,2099,84,1,0.9610805860805861,0.038461538461538464,0.0004578754578754579,0.9608663181478716,0.039133681852128455,0.039633671083398284
79,25658,2184,2092,90,2,0.9578754578754579,0.04120879120879121,0.0009157509157509158,0.9595310983349511,0.040468901665048906,0.040260347649855796
80,25661,2184,2092,92,0,0.9578754578754579,0.04212454212454213,0.0,0.9594534050179212,0.040546594982078854,0.04091812478079576
81,25662,2184,2097,87,0,0.9601648351648352,0.03983516483516483,0.0,0.9590084372433361,0.04099156275666393,0.041306211518977475
82,25664,2184,2080,104,0,0.9523809523809523,0.047619047619047616,0.0,0.9587128565029117,0.04128714349708825,0.04239401496259352
83,25663,2184,2092,91,1,0.9578754578754579,0.041666666666666664,0.0004578754578754579,0.9581124468005675,0.04188755319943254,0.042707399758407046
84,25666,2184,2103,79,2,0.9629120879120879,0.036172161172161175,0.0009157509157509158,0.956995669702852,0.04300433029714798,0.04270240785474948
85,25662,2184,2082,102,0,0.9532967032967034,0.046703296703296704,0.0,0.9558856460401582,0.04411435395984176,0.04348842646714987
86,25665,2185,2082,102,1,0.9528604118993135,0.04668192219679634,0.0004576659038901602,0.9547727442346444,0.04522725576535562,0.044301578024547046
87,25668,2185,2097,87,1,0.9597254004576659,0.039816933638443935,0.0004576659038901602,0.9548473766699007,0.04515262333009926,0.044491195262583765
88,25667,2184,2088,94,2,0.9560439560439561,0.04304029304029304,0.0009157509157509158,0.9549119140041804,0.04508808599581965,0.044960455059025205
89,25668,2184,2100,84,0,0.9615384615384616,0.038461538461538464,0.0,0.9539449130402329,0.046055086959767115,0.044997662459093035
90,25666,2184,2085,97,2,0.9546703296703297,0.044413919413919416,0.0009157509157509158,0.9528287804149873,0.04717121958501269,0.045468713473077224
91,25669,2185,2098,86,1,0.960183066361556,0.039359267734553775,0.0004576659038901602,0.9529850746268657,0.04701492537313433,0.04546339943122054
92,25669,2184,2086,98,0,0.9551282051282052,0.04487179487179487,0.0,0.952832300917979,0.04716769908202104,0.04593088939966496
93,25668,2184,2081,102,1,0.9528388278388278,0.046703296703296704,0.0004578754578754579,0.953056198223748,0.04694380177625196,0.04647810503350475
94,25670,2184,2077,107,0,0.951007326007326,0.04899267399267399,0.0,0.953493580173186,0.04650641982681397,0.047136735488897546
95,25673,2184,2091,91,2,0.9574175824175825,0.041666666666666664,0.0009157509157509158,0.9537244364830572,0.04627556351694283,0.04717017878705255
96,25673,2184,2085,98,1,0.9546703296703297,0.04487179487179487,0.0004578754578754579,0.9525408551600627,0.047459144839937316,0.04744283878004129
97,25675,2184,2080,104,0,0.9523809523809523,0.047619047619047616,0.0,0.9525408551600627,0.047459144839937316,0.04790652385589095
98,25676,2185,2077,107,1,0.9505720823798627,0.04897025171624714,0.0004576659038901602,0.9521038495971352,0.047896150402864816,0.048410967440411276
99,25679,2184,2073,111,0,0.9491758241758241,0.050824175824175824,0.0,0.9519438847847176,0.04805611521528244,0.049067331282370806
100,25680,2185,2095,89,1,0.9588100686498856,0.040732265446224256,0.0004576659038901602,0.9515816174276336,0.048418382572366456,0.04879283489096573
101,25678,2184,2051,131,2,0.9391025641025641,0.059981684981684984,0.0009157509157509158,0.950387943897344,0.04961205610265593,0.05019861359918997
102,25681,2185,2093,92,0,0.9578947368421052,0.042105263157894736,0.0,0.9497277541582755,0.050272245841724475,0.0498812351543943
103,25682,2185,2076,109,0,0.9501144164759725,0.04988558352402746,0.0,0.9482398568019093,0.05176014319809069,0.05050229732886847
104,25685,2185,2069,116,0,0.9469107551487415,0.05308924485125858,0.0,0.9488365155131265,0.05116348448687351,0.051313996496009345
105,25685,2185,2067,115,3,0.9459954233409611,0.05263157894736842,0.0013729977116704805,0.946979865771812,0.053020134228187916,0.052014794627214325
106,25688,2185,2065,117,3,0.9450800915331807,0.05354691075514874,0.0013729977116704805,0.9480161097852029,0.051983890214797136,0.05282622236063532
107,25693,2185,2072,112,1,0.9482837528604119,0.05125858123569794,0.0004576659038901602,0.9468426153731454,0.05315738462685454,0.05339975868913712
108,25696,2186,2082,102,2,0.9524245196706312,0.04666056724611162,0.0009149130832570906,0.9456699955283947,0.054330004471605305,0.05351027397260274
109,25693,2185,2067,115,3,0.9459954233409611,0.05263157894736842,0.0013729977116704805,0.9449951553998659,0.055004844600134155,0.054061417506713894
110,25696,2186,2055,131,0,0.9400731930466606,0.059926806953339434,0.0,0.9443947525342874,0.05560524746571258,0.05518368617683686
111,25695,2185,2075,107,3,0.9496567505720824,0.04897025171624714,0.0013729977116704805,0.9443906075288856,0.055609392471114426,0.05522475189725628
112,25693,2185,2078,103,4,0.9510297482837529,0.0471395881006865,0.0018306636155606408,0.943715521097361,0.05628447890263903,0.05519012960728603
113,25693,2185,2085,99,1,0.954233409610984,0.04530892448512586,0.0004576659038901602,0.9446018490903668,0.05539815090963317,0.05487876075195579
114,25695,2185,2055,129,1,0.9405034324942791,0.059038901601830666,0.0004576659038901602,0.9422288483041371,0.05777115169586284,0.05584744113640786
115,25695,2185,2055,129,1,0.9405034324942791,0.059038901601830666,0.0004576659038901602,0.9423736394811391,0.05762636051886089,0.05658688460790037
116,25696,2185,2071,113,1,0.9478260869565217,0.0517162471395881,0.0004576659038901602,0.9431064051897696,0.05689359481023041,0.05662359900373599
117,25695,2184,2054,126,4,0.9404761904761905,0.057692307692307696,0.0018315018315018315,0.9440757587055403,0.05592424129445977,0.057287410001945906
118,25696,2185,2067,117,1,0.9459954233409611,0.05354691075514874,0.0004576659038901602,0.943268227225287,0.05673177277471299,0.057479763387297635
119,25698,2185,2056,129,0,0.9409610983981693,0.059038901601830666,0.0,0.9422202341012451,0.05777976589875494,0.058175733520118296
120,25698,2185,2068,117,0,0.9464530892448513,0.05354691075514874,0.0,0.9416281496943492,0.05837185030565081,0.058292474122499806
121,25699,2185,2056,128,1,0.9409610983981693,0.058581235697940506,0.0004576659038901602,0.9408036979050175,0.05919630209498248,0.05891279816335266
122,25697,2184,2066,116,2,0.9459706959706959,0.05311355311355311,0.0009157509157509158,0.9415405264335247,0.05845947356647528,0.05895629840059151
123,25698,2185,2054,129,2,0.940045766590389,0.059038901601830666,0.0009153318077803204,0.9402862680781273,0.05971373192187267,0.05957662074869639
124,25698,2185,2057,127,1,0.9414187643020595,0.058123569794050346,0.0004576659038901602,0.9395542967876575,0.06044570321234255,0.05996575608996809
125,25700,2186,2050,135,1,0.9377859103385179,0.06175663311985361,0.0004574565416285453,0.9378493181310082,0.062150681868991725,0.06073929961089494
126,25706,2185,2040,145,0,0.9336384439359268,0.06636155606407322,0.0,0.9385899537934118,0.061410046206588166,0.06189216525324827
127,25708,2185,2041,141,3,0.934096109839817,0.06453089244851258,0.0013729977116704805,0.9385154270383067,0.06148457296169325,0.0627820133810487
128,25712,2185,2059,124,2,0.9423340961098399,0.056750572082379866,0.0009153318077803204,0.9376956327321508,0.06230436726784916,0.06296670815183572
129,25714,2186,2052,133,1,0.938700823421775,0.060841720036596526,0.0004574565416285453,0.9370577281191806,0.06294227188081937,0.06354515050167224
130,25715,2186,2058,125,3,0.9414455626715462,0.05718206770356816,0.0013723696248856359,0.9352844801906464,0.06471551980935358,0.06373711841337741
131,25718,2186,2040,145,1,0.9332113449222323,0.06633119853613907,0.0004574565416285453,0.934395710775188,0.06560428922481197,0.06466288202815149
132,25720,2185,2044,139,2,0.9354691075514874,0.06361556064073226,0.0009153318077803204,0.9340782122905028,0.0659217877094972,0.06520217729393468
133,25715,2185,2037,144,4,0.9322654462242563,0.06590389016018307,0.0018306636155606408,0.9337901243762567,0.0662098756237432,0.06587594789033638
134,25723,2186,2037,149,0,0.9318389752973467,0.06816102470265324,0.0,0.9333432635733969,0.06665673642660311,0.06686622866695176
135,25726,2186,2038,144,4,0.9322964318389753,0.06587374199451052,0.0018298261665141812,0.9322563835330901,0.06774361646690985,0.06759698359636165
136,25729,2186,2042,143,1,0.9341262580054894,0.06541628545288197,0.0004574565416285453,0.9315170463004318,0.06848295369956826,0.06824983481674375
137,25731,2186,2053,132,1,0.9391582799634035,0.06038426349496798,0.0004574565416285453,0.9308419563760887,0.06915804362391126,0.068322257199487
138,25732,2186,2052,133,1,0.938700823421775,0.060841720036596526,0.0004574565416285453,0.9305493523894596,0.06945064761054041,0.06847505052075237
139,25731,2186,2024,159,3,0.9258920402561757,0.0727355901189387,0.0013723696248856359,0.9303208516340356,0.06967914836596442,0.0695658932804788
140,25731,2186,2032,150,4,0.929551692589204,0.0686184812442818,0.0018298261665141812,0.9291508521247303,0.07084914787526977,0.0701488476934437
141,25735,2186,2034,152,0,0.9304666056724611,0.06953339432753888,0.0,0.9292944328669247,0.07070556713307533,0.07075966582475228
142,25732,2186,2026,156,4,0.9268069533394327,0.07136322049405307,0.0018298261665141812,0.9288637547436566,0.07113624525634347,0.07146743354577957
143,25735,2186,2020,165,1,0.9240622140896615,0.07548032936870998,0.0004574565416285453,0.9279654710522399,0.07203452894776008,0.07250825723722557
144,25741,2186,2032,154,0,0.929551692589204,0.07044830741079597,0.0,0.9271523178807947,0.0728476821192053,0.07311293267549823
145,25745,2186,2017,167,2,0.9226898444647759,0.07639524245196706,0.0009149130832570906,0.9266532767983338,0.0733467232016663,0.07430569042532531
146,25744,2186,2025,156,5,0.9263494967978042,0.07136322049405307,0.0022872827081427266,0.9261215683356893,0.0738784316643107,0.07489123679303915
147,25744,2187,2012,172,3,0.9199817101051669,0.07864654778235025,0.0013717421124828531,0.9247359809608806,0.07526401903911945,0.07609540087010566
148,25744,2186,2003,179,4,0.9162854528819762,0.0818847209515096,0.0018298261665141812,0.9241297232966379,0.07587027670336209,0.07737725295214419
149,25746,2187,2008,175,4,0.9181527206218564,0.0800182898948331,0.001828989483310471,0.9219842332292132,0.07801576677078685,0.0784199487298998
150,25749,2186,2011,172,3,0.9199451052150046,0.07868252516010979,0.0013723696248856359,0.9206337399583457,0.07936626004165427,0.0793040506427434
151,25750,2187,2015,168,4,0.9213534522176497,0.07681755829903979,0.001828989483310471,0.9197590540641035,0.08024094593589648,0.0800388349514563
152,25752,2187,1995,187,5,0.9122085048010974,0.08550525834476452,0.002286236854138089,0.9179182156133829,0.0820817843866171,0.08150823237030133
153,25758,2187,2005,178,4,0.9167809785093736,0.08139003200731595,0.001828989483310471,0.9165117835105197,0.08348821648948034,0.0825762869788027
154,25762,2187,1992,191,4,0.9108367626886146,0.08733424782807499,0.001828989483310471,0.9154960981047937,0.08450390189520625,0.08407732318919339
155,25766,2187,2035,149,3,0.9304983996342021,0.06812985825331504,0.0013717421124828531,0.915273132664437,0.08472686733556299,0.08383140572847939
156,25766,2187,2005,177,5,0.9167809785093736,0.08093278463648834,0.002286236854138089,0.9131307126402616,0.08686928735973842,0.08472405495614375
157,25767,2187,2001,180,6,0.9149519890260631,0.0823045267489712,0.0027434842249657062,0.912407132243685,0.087592867756315,0.08557457212713937
158,25771,2188,2004,177,7,0.9159049360146252,0.08089579524680073,0.0031992687385740404,0.9102116598588934,0.08978834014110658,0.0862209460246013
159,25771,2188,2004,179,5,0.9159049360146252,0.08180987202925045,0.0022851919561243145,0.9116969922020052,0.0883030077979948,0.08680299561522642
160,25774,2187,1989,193,5,0.9094650205761317,0.08824874256973023,0.002286236854138089,0.9119001634229683,0.08809983657703165,0.08795685574610072
161,25781,2187,2001,184,2,0.9149519890260631,0.08413351623228166,0.0009144947416552355,0.9115221751727212,0.08847782482727881,0.08851479771925061
162,25778,2187,1991,190,6,0.9103795153177869,0.08687700045724737,0.0027434842249657062,0.91123161491606,0.08876838508393999,0.08922336876406238
163,25780,2187,2006,178,3,0.9172382258802012,0.08139003200731595,0.0013717421124828531,0.9105697095743891,0.08943029042561093,0.08941039565554694
164,25788,2187,2010,176,1,0.9190672153635117,0.08047553726566073,0.0004572473708276177,0.910049766025403,0.08995023397459705,0.08949899177912207
165,25789,2187,2018,164,5,0.9227251943301326,0.07498856881572931,0.002286236854138089,0.9096984999257389,0.0903015000742611,0.08910775912210632
166,25791,2187,1984,199,4,0.9071787837219936,0.09099222679469593,0.001828989483310471,0.9094757166196347,0.09052428338036536,0.09010895273545035
167,25796,2187,2008,177,2,0.9181527206218564,0.08093278463648834,0.0009144947416552355,0.9077951002227171,0.09220489977728286,0.09005272135214762
168,25793,2187,1977,204,6,0.9039780521262003,0.09327846364883402,0.0027434842249657062,0.9079572446555819,0.09204275534441805,0.09114876129182337
169,25795,2187,2003,179,5,0.9158664837677183,0.08184727937814358,0.002286236854138089,0.9089896815381189,0.09101031846188108,0.09114169412676876
170,25796,2188,1992,190,6,0.9104204753199269,0.08683729433272395,0.002742230347349177,0.9075998218791748,0.0924001781208253,0.09164211505659792
171,25801,2188,1988,198,2,0.9085923217550275,0.09049360146252285,0.0009140767824497258,0.9078361531611754,0.09216384683882457,0.09239951939847292
172,25802,2187,1985,197,5,0.9076360310928212,0.09007773205304069,0.002286236854138089,0.9069387755102041,0.09306122448979592,0.0930935586388652
173,25801,2187,1995,187,5,0.9122085048010974,0.08550525834476452,0.002286236854138089,0.9072891923990499,0.09271080760095012,0.09329095771481725
174,25800,2187,1977,204,6,0.9039780521262003,0.09327846364883402,0.0027434842249657062,0.9072080766090119,0.09279192339098805,0.09422480620155038
175,25799,2188,1976,204,8,0.903107861060329,0.09323583180987204,0.003656307129798903,0.9059067972692193,0.09409320273078065,0.09496492112097368
176,25805,2188,1980,206,2,0.9049360146252285,0.09414990859232175,0.0009140767824497258,0.9045640074211503,0.09543599257884972,0.09575663631079248
177,25805,2188,1981,200,7,0.9053930530164533,0.09140767824497258,0.0031992687385740404,0.9031157270029674,0.09688427299703264,0.09629916682813408
178,25812,2188,1980,207,1,0.9049360146252285,0.09460694698354662,0.0004570383912248629,0.9028045704110402,0.09719542958895978,0.09712536804587014
179,25810,2187,1987,193,7,0.9085505258344765,0.08824874256973023,0.003200731595793324,0.9011649476886547,0.09883505231134526,0.09744285160790392
180,25811,2188,1978,205,5,0.9040219378427788,0.09369287020109689,0.0022851919561243145,0.9009049102507046,0.09909508974929536,0.09817519662159545
181,25816,2188,1969,215,4,0.899908592321755,0.09826325411334552,0.0018281535648994515,0.8996514128903063,0.10034858710969369,0.09927951657886581
182,25822,2188,1979,207,2,0.9044789762340036,0.09460694698354662,0.0009140767824497258,0.8985765124555161,0.10142348754448399,0.09991480133219735
183,25815,2187,1976,200,11,0.9035208047553727,0.09144947416552354,0.005029721079103796,0.8989022400237353,0.10109775997626465,0.10029052876234747
184,25814,2188,1986,196,6,0.9076782449725777,0.08957952468007313,0.002742230347349177,0.8984647333679449,0.10153526663205518,0.10037189122181762
185,25814,2188,1986,197,5,0.9076782449725777,0.090036563071298,0.0022851919561243145,0.896774193548387,0.1032258064516129,0.10048810722863562
186,25816,2189,1997,188,4,0.9122887163088168,0.0858839652809502,0.001827318410232983,0.8965824004744607,0.10341759952553933,0.10020917260613572
187,25818,2188,1963,223,2,0.8971663619744058,0.10191956124314443,0.0009140767824497258,0.8967818478422067,0.10321815215779327,0.10128592454876442
188,25816,2187,1953,225,9,0.8930041152263375,0.102880658436214,0.00411522633744856,0.8974187805963507,0.10258121940364931,0.10233963433529594
189,25811,2188,1954,227,7,0.8930530164533821,0.10374771480804387,0.0031992687385740404,0.8976488911963213,0.1023511088036787,0.10313432257564605
190,25812,2188,1994,189,5,0.9113345521023766,0.08638025594149909,0.0022851919561243145,0.8988872403560831,0.10111275964391692,0.10254920192158685
191,25810,2188,1943,241,4,0.8880255941499086,0.11014625228519195,0.0018281535648994515,0.8971373479679621,0.10286265203203797,0.10410693529639675
192,25811,2187,1980,200,7,0.9053497942386831,0.09144947416552354,0.003200731595793324,0.8959121596557608,0.1040878403442392,0.10387044283445043
193,25811,2187,1982,201,4,0.9062642889803384,0.09190672153635117,0.001828989483310471,0.8950218858965798,0.10497811410342013,0.10375421331990237
194,25809,2187,1971,210,6,0.9012345679012346,0.09602194787379972,0.0027434842249657062,0.8961858118135946,0.10381418818640546,0.10403347669417645
195,25805,2188,1949,230,9,0.8907678244972578,0.10511882998171847,0.004113345521023766,0.8936517353900919,0.10634826460990804,0.10494090292578957
196,25809,2188,1985,200,3,0.9072212065813529,0.09140767824497258,0.0013711151736745886,0.8935459940652819,0.1064540059347181,0.10469216164903716
197,25802,2187,1958,221,8,0.8952903520804756,0.10105166895290352,0.003657978966620942,0.8934480967574386,0.1065519032425614,0.1053019145802651
198,25801,2187,1946,234,7,0.8898033836305441,0.10699588477366255,0.003200731595793324,0.8923031247680546,0.10769687523194538,0.10639122514631216
199,25801,2187,1953,229,5,0.8930041152263375,0.10470964791952446,0.002286236854138089,0.8915608995769316,0.10843910042306835,0.1071276307119879
200,25801,2188,1957,223,8,0.8944241316270567,0.10191956124314443,0.003656307129798903,0.893026706231454,0.10697329376854599,0.10774776171466222
201,25805,2189,1978,207,4,0.9036089538602101,0.09456372772955687,0.001827318410232983,0.8931167482569352,0.10688325174306483,0.10765355551249758
202,25802,2188,1950,230,8,0.8912248628884827,0.10511882998171847,0.003656307129798903,0.8904302670623145,0.10956973293768546,0.10851871947911014
203,25807,2188,1968,214,6,0.8994515539305301,0.09780621572212066,0.002742230347349177,0.890999480596572,0.10900051940342806,0.10861394195373349
204,25803,2187,1929,250,8,0.8820301783264746,0.11431184270690443,0.003657978966620942,0.889795918367347,0.11020408163265306,0.11006472115645467
205,25805,2187,1932,249,6,0.8834019204389575,0.11385459533607682,0.0027434842249657062,0.8895814781834372,0.11041852181656278,0.1112187560550281
206,25805,2187,1941,242,4,0.887517146776406,0.11065386374028349,0.001828989483310471,0.8883282629665356,0.11167173703346442,0.11207130401085061
207,25811,2187,1957,228,2,0.8948331047096479,0.10425240054869685,0.0009144947416552355,0.8893588601959038,0.11064113980409616,0.11247142691100694
208,25806,2187,1924,254,9,0.8797439414723366,0.11614083219021491,0.00411522633744856,0.8862995398545347,0.11370046014546534,0.11392699372239014
209,25806,2187,1933,245,9,0.8838591678097851,0.11202560585276634,0.00411522633744856,0.8845440379906507,0.11545596200934927,0.11485700999767495
210,25807,2188,1952,231,5,0.8921389396709324,0.10557586837294333,0.0022851919561243145,0.8839676533867498,0.11603234661325024,0.11524005114891309
211,25808,2188,1957,224,7,0.8944241316270567,0.10237659963436929,0.0031992687385740404,0.8840676457498887,0.11593235425011127,0.11539057656540608
212,25809,2189,1946,235,8,0.8889904065783463,0.10735495660118775,0.003654636820465966,0.8819516535666617,0.11804834643333828,0.11592855205548452
213,25807,2188,1929,251,8,0.8816270566727605,0.11471663619744059,0.003656307129798903,0.879691440439104,0.120308559560896,0.11694501491843298
214,25809,2189,1909,270,10,0.8720877112836912,0.12334399269072636,0.0045682960255824575,0.8796440489432703,0.1203559510567297,0.11864078422255803
215,25816,2189,1917,264,8,0.8757423481041572,0.12060301507537688,0.003654636820465966,0.8792080676256859,0.1207919323743141,0.12000309885342424
216,25820,2188,1920,262,6,0.8775137111517367,0.11974405850091407,0.002742230347349177,0.8801720302535964,0.11982796974640368,0.12122385747482571
217,25818,2188,1931,246,11,0.8825411334552102,0.11243144424131626,0.005027422303473492,0.8800148312940304,0.11998516870596959,0.12177550546130607
218,25820,2188,1936,243,9,0.8848263254113345,0.11106032906764168,0.004113345521023766,0.8781518837140314,0.12184811628596856,0.12219209914794733
219,25820,2188,1926,257,5,0.8802559414990859,0.11745886654478976,0.0022851919561243145,0.875852862652032,0.12414713734796796,0.12300542215336949
220,25815,2188,1926,252,10,0.8802559414990859,0.11517367458866545,0.004570383912248629,0.8752131682360792,0.12478683176392082,0.12345535541351928
221,25812,2188,1911,265,12,0.873400365630713,0.12111517367458867,0.005484460694698354,0.8751854049243548,0.12481459507564521,0.1243220207655354
222,25810,2188,1898,281,9,0.8674588665447898,0.12842778793418647,0.004113345521023766,0.8745735054146269,0.12542649458537308,0.1256489732661759
223,25814,2189,1909,269,11,0.8720877112836912,0.12288716308816812,0.005025125628140704,0.8726180766664196,0.12738192333358048,0.12659797009374757
224,25813,2188,1916,260,12,0.8756855575868373,0.11882998171846434,0.005484460694698354,0.871644668545158,0.12835533145484207,0.1272227172355015
225,25817,2188,1893,287,8,0.8651736745886655,0.13117001828153566,0.003656307129798903,0.8708098487095818,0.12919015129041828,0.12894604330479917
226,25813,2188,1897,276,15,0.8670018281535649,0.12614259597806216,0.006855575868372943,0.8698843416370107,0.13011565836298933,0.1300894897919653
227,25820,2189,1895,284,10,0.8656920968478757,0.1297396071265418,0.0045682960255824575,0.8693556758359902,0.13064432416400978,0.1314872192099148
228,25828,2188,1917,267,4,0.8761425959780622,0.12202925045703839,0.0018281535648994515,0.8692718374610707,0.13072816253892927,0.13202725724020442
229,25827,2188,1899,280,9,0.8679159049360147,0.12797074954296161,0.004113345521023766,0.8668000889481877,0.1331999110518123,0.13307778681225074
230,25827,2188,1920,258,10,0.8775137111517367,0.11791590493601463,0.004570383912248629,0.8648428232502966,0.13515717674970343,0.13303906764238974
231,25829,2188,1911,268,9,0.873400365630713,0.12248628884826325,0.004113345521023766,0.8632016015422258,0.13679839845777414,0.1334546440048008
232,25830,2189,1900,281,8,0.8679762448606669,0.12836911831886708,0.003654636820465966,0.862467580585402,0.137532419414598,0.13422377080913667
233,25831,2189,1917,262,10,0.8757423481041572,0.11968935587026039,0.0045682960255824575,0.8614814814814815,0.1385185185185185,0.13425728775502305
234,25831,2188,1881,296,11,0.8596892138939671,0.13528336380255943,0.005027422303473492,0.8629761375426115,0.13702386245738846,0.1357283883705625
235,25830,2189,1904,273,12,0.8698035632708999,0.1247144814984011,0.00548195523069895,0.863080684596577,0.13691931540342298,0.1360046457607433
236,25827,2190,1886,288,16,0.8611872146118722,0.13150684931506848,0.0073059360730593605,0.8618723152125611,0.1381276847874389,0.13694970379835056
237,25832,2190,1870,308,12,0.8538812785388128,0.14063926940639268,0.005479452054794521,0.8633333333333333,0.13666666666666666,0.13847166305357697
238,25846,2190,1889,296,5,0.8625570776255708,0.13515981735159818,0.00228310502283105,0.8619770455386894,0.13802295446131063,0.13928654337228197
239,25845,2189,1893,283,13,0.8647784376427593,0.12928277752398357,0.005938784833257195,0.8626129462301881,0.1373870537698119,0.1396014703037338
240,25848,2188,1894,287,7,0.8656307129798904,0.13117001828153566,0.0031992687385740404,0.8612181387077653,0.13878186129223474,0.14001083255957908
241,25844,2188,1868,307,13,0.8537477148080439,0.1403107861060329,0.005941499085923218,0.8593761576646662,0.1406238423353338,0.14123200742919054
242,25849,2189,1911,269,9,0.8730013704888077,0.12288716308816812,0.004111466423024212,0.857100547904635,0.14289945209536503,0.14089519904058184
243,25843,2189,1900,275,14,0.8679762448606669,0.12562814070351758,0.006395614435815441,0.8561273602369492,0.14387263976305073,0.14088921564833803
244,25849,2189,1885,298,6,0.8611238008222933,0.13613522156235724,0.002740977615349475,0.8558311736393929,0.14416882636060718,0.1417849820109095
245,25854,2189,1874,308,7,0.8560986751941526,0.1407035175879397,0.0031978072179077205,0.8530174009626065,0.14698259903739355,0.1429566024599675
246,25854,2189,1901,276,12,0.8684330744632253,0.12608497030607582,0.00548195523069895,0.8546679499518768,0.1453320500481232,0.14284056625667207
247,25857,2189,1858,324,7,0.8487894015532207,0.14801279122887162,0.0031978072179077205,0.854657189397305,0.1453428106026951,0.14471903159685964
248,25858,2189,1864,313,12,0.8515303791685701,0.14298766560073092,0.00548195523069895,0.8541296625222025,0.1458703374777975,0.14583494469796582
249,25865,2190,1871,308,11,0.854337899543379,0.14063926940639268,0.00502283105022831,0.8540772532188842,0.1459227467811159,0.14680069592112893
250,25866,2188,1891,288,9,0.8642595978062158,0.1316270566727605,0.004113345521023766,0.8552076393515434,0.14479236064845658,0.14683368128044538
251,25857,2189,1891,278,20,0.8638647784376428,0.1269986295111923,0.009136592051164915,0.8526931044687778,0.14730689553122225,0.14653672119735467
252,25855,2190,1879,296,15,0.8579908675799087,0.13515981735159818,0.00684931506849315,0.8509174311926605,0.14908256880733944,0.14685747437632954
253,25860,2191,1901,283,7,0.8676403468735737,0.12916476494751256,0.003194888178913738,0.8507286041867002,0.1492713958132998,0.14644238205723126
254,25860,2191,1896,283,12,0.8653582838886353,0.12916476494751256,0.005476951163852123,0.8496412987205089,0.15035870127949116,0.14609435421500386
255,25860,2190,1882,298,10,0.8593607305936073,0.13607305936073058,0.0045662100456621,0.8495968040245616,0.15040319597543833,0.14644238205723126
256,25861,2189,1872,306,11,0.8551850159890361,0.1397898583828232,0.005025125628140704,0.8496040263489009,0.1503959736510991,0.14705541162368044
257,25859,2189,1888,287,14,0.862494289629968,0.13111009593421655,0.006395614435815441,0.851221317542561,0.14877868245743894,0.14683475772458332
258,25856,2189,1884,291,14,0.860666971219735,0.13293741434444953,0.006395614435815441,0.8510213143872114,0.14897868561278862,0.1468904702970297
259,25858,2189,1904,275,10,0.8698035632708999,0.12562814070351758,0.0045682960255824575,0.8525427492782589,0.14745725072174107,0.146221672209761
260,25854,2189,1878,301,10,0.8579259936043856,0.13750571037003198,0.0045682960255824575,0.8529128728995484,0.14708712710045155,0.14655372476212578
261,25853,2188,1879,298,11,0.8587751371115173,0.13619744058500913,0.005027422303473492,0.8541697526292401,0.1458302473707599,0.14663675395505357
262,25848,2188,1903,272,13,0.8697440585009141,0.12431444241316271,0.005941499085923218,0.8539151048225795,0.14608489517742054,0.14562055091303003
263,25847,2189,1873,306,10,0.8556418455915943,0.1397898583828232,0.0045682960255824575,0.8542761940022214,0.1457238059977786,0.1459743877432584
264,25849,2190,1879,300,11,0.8579908675799087,0.136986301369863,0.00502283105022831,0.8538119911176906,0.1461880088823094,0.14600177956594065
265,25848,2189,1859,316,14,0.8492462311557789,0.14435815440840566,0.006395614435815441,0.8528170578218701,0.14718294217812986,0.1467424945837202
266,25854,2189,1863,316,10,0.8510735495660119,0.14435815440840566,0.0045682960255824575,0.8535880915352144,0.1464119084647856,0.14755937185735282
267,25854,2188,1871,305,12,0.8551188299817185,0.13939670932358317,0.005484460694698354,0.8529956306006072,0.14700436939939274,0.14798483793610273
268,25851,2188,1889,287,12,0.863345521023766,0.13117001828153566,0.005484460694698354,0.8532918610679109,0.14670813893208917,0.14776991218908359
269,25851,2189,1884,297,8,0.860666971219735,0.135678391959799,0.003654636820465966,0.8513993780541982,0.14860062194580187,0.14800201152760048
270,25849,2190,1849,327,14,0.8442922374429224,0.14931506849315068,0.006392694063926941,0.8498149518874908,0.15018504811250924,0.14940616658284653
271,25848,2190,1875,300,15,0.8561643835616438,0.136986301369863,0.00684931506849315,0.8479757234845682,0.15202427651543188,0.14952800990405446
272,25853,2189,1862,316,11,0.8506167199634537,0.14435815440840566,0.005025125628140704,0.848893166506256,0.15110683349374399,0.15038873631686844
273,25860,2189,1834,347,8,0.8378254910918228,0.1585198720877113,0.003654636820465966,0.8490007401924501,0.15099925980754997,0.15235885537509666
274,25862,2190,1867,309,14,0.8525114155251141,0.1410958904109589,0.006392694063926941,0.845652978172401,0.15434702182759896,0.15273374062330833
275,25861,2189,1874,300,15,0.8560986751941526,0.13704888076747374,0.006852444038373686,0.8459887507400828,0.1540112492599171,0.152971656161788
276,25857,2189,1865,307,17,0.8519872087711283,0.14024668798538145,0.0077661032434901784,0.8449641086361281,0.15503589136387183,0.15349808562478245
277,25861,2190,1862,315,13,0.8502283105022831,0.14383561643835616,0.005936073059360731,0.8430241159934901,0.15697588400650983,0.15424770890530143
278,25859,2190,1877,300,13,0.8570776255707763,0.136986301369863,0.005936073059360731,0.8433200177541056,0.15667998224589436,0.15418229629916083
279,25856,2189,1843,332,14,0.841936957514847,0.1516674280493376,0.006395614435815441,0.8437060608303115,0.15629393916968845,0.15539913366336633
280,25850,2190,1851,317,22,0.8452054794520548,0.14474885844748858,0.01004566210045662,0.8425220158366018,0.1574779841633982,0.1558220502901354
281,25856,2190,1845,336,9,0.8424657534246576,0.15342465753424658,0.00410958904109589,0.8414742451154529,0.15852575488454707,0.1569074876237624
282,25859,2189,1896,287,6,0.866148926450434,0.13111009593421655,0.002740977615349475,0.8430051813471503,0.15699481865284975,0.15592250280366604
283,25861,2189,1852,327,10,0.8460484239378712,0.14938328003654636,0.0045682960255824575,0.8410301953818827,0.15896980461811722,0.1567998143923282
284,25858,2188,1872,299,17,0.8555758683729433,0.136654478976234,0.007769652650822669,0.8409477971121807,0.15905220288781932,0.1564699512723335
285,25856,2188,1838,336,14,0.840036563071298,0.15356489945155394,0.006398537477148081,0.841306279620853,0.15869372037914692,0.15760365099009901
286,25855,2189,1841,334,14,0.8410232983097304,0.1525810872544541,0.006395614435815441,0.8428962760050345,0.15710372399496558,0.15830593695610135
287,25860,2190,1850,330,10,0.8447488584474886,0.1506849315068493,0.0045662100456621,0.8413262285375962,0.1586737714624038,0.15877803557617942
288,25856,2189,1877,295,17,0.8574691640018273,0.1347647327546825,0.0077661032434901784,0.8419572137093789,0.15804278629062107,0.15795173267326731
289,25852,2189,1860,316,13,0.8497030607583371,0.14435815440840566,0.005938784833257195,0.8406365655070318,0.15936343449296816,0.15797617205632059
290,25854,2189,1846,327,16,0.8433074463225217,0.14938328003654636,0.007309273640931932,0.8386380458919319,0.16136195410806808,0.1585441324359867
291,25853,2190,1836,336,18,0.8383561643835616,0.15342465753424658,0.00821917808219178,0.83863569103285,0.16136430896715004,0.15932386957026265
292,25852,2190,1840,334,16,0.8401826484018264,0.15251141552511416,0.0073059360730593605,0.8401775804661488,0.1598224195338513,0.15998762184743928
293,25850,2189,1867,306,16,0.8529008679762449,0.1397898583828232,0.007309273640931932,0.8412287194670615,0.15877128053293857,0.15961315280464217
294,25842,2188,1848,324,16,0.8446069469835467,0.1480804387568556,0.007312614259597806,0.8388506257868622,0.16114937421313782,0.15989474498877795
295,25841,2189,1830,344,15,0.8359981726815897,0.15714938328003655,0.006852444038373686,0.838086067698689,0.16191393230131101,0.16094578383189506
296,25846,2190,1820,355,15,0.8310502283105022,0.16210045662100456,0.00684931506849315,0.8360728565082186,0.16392714349178142,0.1623848951481854
297,25848,2189,1833,339,17,0.8373686614892645,0.15486523526724533,0.0077661032434901784,0.8378258293838863,0.16217417061611375,0.16314608480346643
298,25851,2188,1863,316,9,0.8514625228519196,0.14442413162705667,0.004113345521023766,0.838308273461225,0.1616917265387749,0.16281768596959498
299,25846,2187,1853,316,18,0.8472793781435757,0.1444901691815272,0.00823045267489712,0.8372851215174867,0.16271487848251334,0.16284918362609302
300,25848,2189,1808,369,12,0.8259479214253084,0.16857012334399268,0.00548195523069895,0.8336665926090499,0.16633340739095015,0.16473228102754564
301,25856,2188,1840,335,13,0.8409506398537477,0.15310786106032906,0.005941499085923218,0.8323087178727502,0.16769128212724985,0.16510674504950495
302,25857,2189,1836,342,11,0.8387391502969392,0.15623572407492006,0.005025125628140704,0.832987859046491,0.16701214095350903,0.16575782186641916
303,25857,2188,1852,322,14,0.8464351005484461,0.14716636197440586,0.006398537477148081,0.8341355053683821,0.16586449463161793,0.16564179912596202
304,25853,2189,1858,315,16,0.8487894015532207,0.1439013248058474,0.007309273640931932,0.8319514361859639,0.16804856381403613,0.16524194484199126
305,25849,2189,1838,336,15,0.8396528095020558,0.1534947464595706,0.006852444038373686,0.830557406173662,0.169442593826338,0.16573174977755425
306,25860,2190,1851,332,7,0.8452054794520548,0.15159817351598173,0.0031963470319634705,0.8296329188869154,0.17036708111308466,0.16589327146171692
307,25864,2190,1824,356,10,0.8328767123287671,0.16255707762557078,0.0045662100456621,0.8309160870208673,0.16908391297913275,0.16698886483142591
308,25868,2189,1828,350,11,0.8350845134764733,0.15989036089538602,0.005025125628140704,0.8331729701724521,0.16682702982754793,0.1676202257615587
309,25872,2189,1832,345,12,0.8369118318867063,0.1576062128825948,0.00548195523069895,0.8332593250444049,0.16674067495559503,0.16805813234384662
310,25867,2189,1797,370,22,0.8209227957971676,0.16902695294655093,0.010050251256281407,0.8324948209529447,0.16750517904705534,0.16944369273591836
311,25866,2191,1861,306,24,0.8493838429940667,0.13966225467822913,0.010953902327704245,0.8303267780570752,0.16967322194292475,0.1682517590659553
312,25866,2191,1835,342,14,0.837517115472387,0.1560931081697855,0.006389776357827476,0.8312264360168552,0.16877356398314483,0.16859970617799427
313,25863,2192,1862,308,22,0.8494525547445255,0.14051094890510948,0.010036496350364963,0.830586148274078,0.1694138517259221,0.16757530062251091
314,25855,2191,1847,320,24,0.8429940666362392,0.1460520310360566,0.010953902327704245,0.828575654488981,0.17142434551101907,0.16716302456004642
315,25855,2190,1863,316,11,0.8506849315068493,0.14429223744292238,0.00502283105022831,0.8297321296433329,0.17026787035666716,0.1663894797911429
316,25852,2190,1825,347,18,0.8333333333333334,0.15844748858447488,0.00821917808219178,0.8282775969221663,0.17172240307783368,0.16695033266285006
317,25852,2190,1859,315,16,0.8488584474885845,0.14383561643835616,0.0073059360730593605,0.8300643919769077,0.1699356080230923,0.16617669812780442
318,25843,2187,1860,308,19,0.850480109739369,0.14083219021490626,0.008687700045724738,0.8307772097503149,0.16922279024968512,0.16522849514375265
319,25845,2188,1839,338,11,0.8404936014625228,0.15447897623400367,0.005027422303473492,0.8331481069867378,0.1668518930132622,0.16540917005223446
320,25845,2187,1826,350,11,0.83493369913123,0.1600365797896662,0.005029721079103796,0.8331110123017638,0.16688898769823626,0.16602824530857033
321,25847,2187,1841,334,12,0.8417924096936442,0.15272062185642432,0.0054869684499314125,0.8349147516679022,0.16508524833209784,0.16593801988625373
322,25841,2186,1841,333,12,0.8421774931381518,0.15233302836230558,0.0054894784995425435,0.8384370134203307,0.1615629865796693,0.1657830579311946
323,25836,2188,1874,295,19,0.856489945155393,0.13482632541133455,0.008683729433272395,0.8366182572614108,0.16338174273858921,0.16411209165505497
324,25840,2189,1845,336,8,0.8428506167199634,0.1534947464595706,0.003654636820465966,0.83596354745499,0.16403645254501,0.16408668730650156
325,25842,2189,1845,331,13,0.8428506167199634,0.15121059844677937,0.005938784833257195,0.8344934834123223,0.16550651658767773,0.1638418079096045
326,25841,2190,1836,336,18,0.8383561643835616,0.15342465753424658,0.00821917808219178,0.8337527757216876,0.16624722427831237,0.16392554467706358
327,25841,2189,1857,316,16,0.8483325719506624,0.14435815440840566,0.007309273640931932,0.8351973927857196,0.16480260721428042,0.16330637359235323
328,25845,2190,1830,347,13,0.8356164383561644,0.15844748858447488,0.005936073059360731,0.8358507330075522,0.1641492669924478,0.1640936351325208
329,25853,2190,1852,328,10,0.845662100456621,0.14977168949771688,0.0045662100456621,0.8349126443588984,0.16508735564110158,0.16404285769543187
330,25860,2190,1847,334,9,0.8433789954337899,0.15251141552511416,0.00410958904109589,0.8333950114721338,0.16660498852786618,0.16438515081206498
331,25859,2188,1840,334,14,0.8409506398537477,0.1526508226691042,0.006398537477148081,0.8346660743373315,0.16533392566266844,0.16462353532619203
332,25860,2189,1861,310,18,0.8501598903608953,0.1416171767930562,0.008222932846048425,0.8346905537459284,0.16530944625407165,0.16395978344934262
333,25858,2189,1843,329,17,0.841936957514847,0.15029693924166285,0.0077661032434901784,0.8350973281030272,0.16490267189697283,0.16412715600587827
334,25863,2190,1850,329,11,0.8447488584474886,0.1502283105022831,0.00502283105022831,0.835072142064373,0.1649278579356271,0.164095425898001
335,25866,2190,1835,341,14,0.8378995433789954,0.15570776255707763,0.006392694063926941,0.8328525996597885,0.16714740034021153,0.1646176447846594
336,25862,2189,1838,332,19,0.8396528095020558,0.1516674280493376,0.00867976244860667,0.8343199644812787,0.16568003551872132,0.16468177248472662
337,25858,2189,1865,304,20,0.8519872087711283,0.13887619917770672,0.009136592051164915,0.834418948926721,0.16558105107327906,0.16370175574290355
338,25855,2190,1855,321,14,0.8470319634703196,0.14657534246575343,0.006392694063926941,0.8348623853211009,0.1651376146788991,0.16348868690775478
339,25858,2191,1819,357,15,0.8302145139205842,0.16293929712460065,0.006846188954815153,0.8334196316295583,0.1665803683704416,0.16470724727357103
340,25863,2190,1844,333,13,0.8420091324200913,0.15205479452054796,0.005936073059360731,0.8341719698090869,0.16582803019091313,0.16483006611761977
341,25857,2188,1838,334,16,0.840036563071298,0.1526508226691042,0.007312614259597806,0.8355789161978087,0.16442108380219128,0.16502301117685733
342,25859,2188,1852,325,11,0.8464351005484461,0.14853747714808044,0.005027422303473492,0.8363326668147819,0.1636673331852181,0.16477822034881473
343,25863,2188,1861,318,9,0.8505484460694699,0.1453382084095064,0.004113345521023766,0.83492557209509,0.16507442790491003,0.16428875227158488
344,25862,2189,1809,367,13,0.8264047510278666,0.1676564641388762,0.005938784833257195,0.8336170527718155,0.16638294722818445,0.16572577526873405
345,25869,2189,1838,336,15,0.8396528095020558,0.1534947464595706,0.006852444038373686,0.8332346410066618,0.16676535899333828,0.16587421237774944
346,25867,2189,1867,307,15,0.8529008679762449,0.14024668798538145,0.006852444038373686,0.8334073416222617,0.16659265837773832,0.16495921444311284
347,25860,2189,1819,353,17,0.8309730470534491,0.16126084970306076,0.0077661032434901784,0.8348134991119005,0.16518650088809947,0.1660092807424594
348,25859,2190,1842,332,16,0.8410958904109589,0.15159817351598173,0.0073059360730593605,0.8325811940519346,0.1674188059480654,0.16597702927414054
349,25863,2191,1818,360,13,0.8297581013235965,0.16430853491556366,0.005933363760839799,0.830929664965609,0.16907033503439095,0.16711131732590961
350,25866,2190,1836,338,16,0.8383561643835616,0.154337899543379,0.0073059360730593605,0.8320633276614633,0.16793667233853665,0.16732390010051806
351,25867,2189,1839,338,12,0.840109639104614,0.15440840566468708,0.00548195523069895,0.8320509026339153,0.16794909736608465,0.1675493872501643
352,25872,2189,1842,336,11,0.8414801279122888,0.1534947464595706,0.005025125628140704,0.8320876193295346,0.1679123806704655,0.16774891774891776
353,25871,2189,1830,344,15,0.8359981726815897,0.15714938328003655,0.006852444038373686,0.8305222666074863,0.16947773339251368,0.16825789494028062
354,25877,2189,1842,335,12,0.8414801279122888,0.15303791685701235,0.00548195523069895,0.8297085367657937,0.17029146323420624,0.16837345905630483
355,25878,2189,1818,358,13,0.8305162174508908,0.163544997715852,0.005938784833257195,0.8286855536652119,0.17131444633478807,0.16929438132776875
356,25877,2189,1835,340,14,0.838282320694381,0.15532206486980357,0.006395614435815441,0.8303254437869823,0.16967455621301775,0.16937821231209182
357,25881,2189,1804,374,11,0.8241206030150754,0.1708542713567839,0.005025125628140704,0.8297337278106509,0.17026627218934912,0.170858931262316
358,25884,2190,1827,348,15,0.8342465753424657,0.1589041095890411,0.00684931506849315,0.8283052351375333,0.17169476486246674,0.17114819966002162
359,25876,2190,1856,313,21,0.8474885844748858,0.14292237442922373,0.009589041095890411,0.8280476084867302,0.17195239151326977,0.1701963209151337
360,25873,2190,1871,302,17,0.854337899543379,0.13789954337899543,0.007762557077625571,0.8276652373207156,0.17233476267928435,0.1689792447725428
361,25874,2191,1835,342,14,0.837517115472387,0.1560931081697855,0.006389776357827476,0.8265947224480745,0.1734052775519255,0.16932055345134112
362,25874,2191,1807,371,13,0.824737562756732,0.16932907348242812,0.005933363760839799,0.8260291183208928,0.17397088167910724,0.17044136971477158
363,25877,2190,1819,353,18,0.8305936073059361,0.16118721461187216,0.00821917808219178,0.8276015087641446,0.17239849123585532,0.1708853421957723
364,25877,2189,1851,325,13,0.845591594335313,0.14846962083142987,0.005938784833257195,0.8296833382657591,0.1703166617342409,0.17026703249990338
365,25876,2189,1801,376,12,0.8227501142074006,0.1717679305619004,0.00548195523069895,0.8298439002737293,0.17015609972627063,0.17162621734425723
366,25880,2190,1828,347,15,0.8347031963470319,0.15844748858447488,0.00684931506849315,0.8276754677908439,0.17232453220915614,0.17167697063369397
367,25878,2189,1802,373,14,0.8232069438099588,0.17039744175422566,0.006395614435815441,0.8277851753217932,0.17221482467820684,0.1728881675554525
368,25875,2189,1794,376,19,0.8195523069894929,0.1717679305619004,0.00867976244860667,0.8288081674927869,0.17119183250721315,0.17406763285024154
369,25872,2189,1856,312,21,0.8478757423481041,0.14253083599817268,0.009593421653723162,0.82836428201524,0.17163571798475993,0.17273500309214596
370,25863,2189,1848,322,19,0.8442211055276382,0.14709913202375513,0.00867976244860667,0.8283030034028702,0.17169699659712975,0.17202180721494026
371,25858,2191,1785,384,22,0.8146964856230032,0.17526243724326793,0.010041077133728891,0.8248687809566053,0.17513121904339468,0.1736406527960399
372,25867,2192,1795,387,10,0.8188868613138686,0.17655109489051096,0.004562043795620438,0.8205336684159953,0.17946633158400474,0.1750106313062976
373,25865,2190,1804,368,18,0.8237442922374429,0.1680365296803653,0.00821917808219178,0.8225329190708685,0.17746708092913152,0.17583607191185
374,25861,2188,1833,336,19,0.8377513711151737,0.15356489945155394,0.008683729433272395,0.8252887177968611,0.1747112822031389,0.17543791810061482
375,25860,2189,1822,353,14,0.8323435358611238,0.16126084970306076,0.006395614435815441,0.8232289584721297,0.17677104152787032,0.17583139984532095
376,25862,2190,1844,329,17,0.8420091324200913,0.1502283105022831,0.007762557077625571,0.8196612175456764,0.18033878245432355,0.17531513417369113
377,25857,2190,1829,340,21,0.8351598173515982,0.1552511415525114,0.009589041095890411,0.8199778024417315,0.1800221975582686,0.17527168658390377
378,25852,2189,1763,406,20,0.8053905893101873,0.18547281863864779,0.009136592051164915,0.8207386573902746,0.1792613426097254,0.17766517097323226
379,25864,2189,1806,372,11,0.8250342622201918,0.16994061215166742,0.005025125628140704,0.8218224887112295,0.17817751128877046,0.17824002474481906
380,25860,2189,1832,339,18,0.8369118318867063,0.15486523526724533,0.008222932846048425,0.824500370096225,0.175499629903775,0.17757153905645784
381,25856,2189,1797,370,22,0.8209227957971676,0.16902695294655093,0.010050251256281407,0.8231070979202132,0.17689290207978683,0.17837252475247525
382,25856,2190,1812,360,18,0.8273972602739726,0.1643835616438356,0.00821917808219178,0.8180204172214824,0.18197958277851753,0.17848855198019803
383,25858,2191,1810,363,18,0.8261068005476951,0.1656777727065267,0.008215426745778184,0.8188003845869388,0.18119961541306118,0.17878412870291593
384,25859,2189,1823,352,14,0.8328003654636821,0.16080402010050251,0.006395614435815441,0.8215263898141979,0.17847361018580205,0.17854518736223365
385,25859,2188,1839,332,17,0.8404936014625228,0.15173674588665448,0.007769652650822669,0.8212381516587678,0.17876184834123224,0.1776944197378089
386,25850,2189,1812,353,24,0.8277752398355414,0.16126084970306076,0.0109639104613979,0.8198238211562662,0.1801761788437338,0.17771760154738878
387,25856,2189,1806,373,10,0.8250342622201918,0.17039744175422566,0.0045682960255824575,0.819231623362203,0.18076837663779702,0.17825649752475248
388,25857,2190,1812,359,19,0.8273972602739726,0.1639269406392694,0.008675799086757991,0.8180876258140912,0.18191237418590883,0.17828827783578916
389,25853,2190,1810,356,24,0.8264840182648402,0.16255707762557078,0.010958904109589041,0.8188545212372355,0.18114547876276454,0.17831586276254208
390,25847,2189,1810,358,21,0.8268615806304248,0.163544997715852,0.009593421653723162,0.8217961057229585,0.17820389427704153,0.17835725616125664
391,25843,2190,1797,374,19,0.8205479452054795,0.17077625570776256,0.008675799086757991,0.8215263898141979,0.17847361018580205,0.17904268080331232
392,25838,2190,1815,350,25,0.8287671232876712,0.1598173515981735,0.01141552511415525,0.8204767545158425,0.17952324548415755,0.17880640916479604
393,25837,2190,1812,357,21,0.8273972602739726,0.16301369863013698,0.009589041095890411,0.8212646231304606,0.17873537686953947,0.17881332972094283
394,25830,2189,1802,361,26,0.8232069438099588,0.16491548652352672,0.01187756966651439,0.821373028215952,0.178626971784048,0.1789005032907472
395,25833,2190,1829,345,16,0.8351598173515982,0.15753424657534246,0.0073059360730593605,0.8204235781990521,0.17957642180094788,0.17814423411914992
396,25831,2189,1846,326,17,0.8433074463225217,0.1489264504339881,0.0077661032434901784,0.8205394190871369,0.17946058091286307,0.17688049243157447
397,25834,2188,1789,387,12,0.8176416819012797,0.17687385740402195,0.005484460694698354,0.819178894323403,0.180821105676597,0.17813733839126733
398,25819,2188,1810,347,31,0.8272394881170019,0.1585923217550274,0.01416819012797075,0.8187208182020307,0.1812791817979693,0.177698594058639
399,25823,2188,1771,403,14,0.8094149908592322,0.18418647166361973,0.006398537477148081,0.8203321963517722,0.1796678036482278,0.17949115129922938
400,25829,2188,1821,352,15,0.8322669104204753,0.16087751371115175,0.006855575868372943,0.8224084235503485,0.17759157644965148,0.1791784428355724
401,25822,2189,1793,374,22,0.8190954773869347,0.1708542713567839,0.010050251256281407,0.8204786248796029,0.17952137512039712,0.17988536906513825
402,25830,2188,1823,352,13,0.833180987202925,0.16087751371115175,0.005941499085923218,0.8210737060655494,0.17892629393445053,0.17959736740224544
403,25831,2188,1801,371,16,0.823126142595978,0.16956124314442414,0.007312614259597806,0.8190779721316336,0.18092202786836645,0.18013239905539855
404,25824,2189,1789,373,27,0.8172681589767017,0.17039744175422566,0.012334399269072635,0.8190977109415513,0.18090228905844877,0.18068463444857497
405,25831,2190,1776,400,14,0.810958904109589,0.182648401826484,0.006392694063926941,0.818,0.182,0.18206805776005575
406,25835,2190,1785,383,22,0.815068493150685,0.17488584474885846,0.01004566210045662,0.8187472234562416,0.18125277654375832,0.18289142635958971
407,25833,2191,1820,343,28,0.8306709265175719,0.15654952076677317,0.012779552715654952,0.8171724648408586,0.18282753515914138,0.18220880269422832
408,25834,2190,1811,362,17,0.8269406392694064,0.16529680365296803,0.007762557077625571,0.8144390966308774,0.18556090336912254,0.1823565843462104
409,25842,2190,1790,385,15,0.817351598173516,0.17579908675799086,0.00684931506849315,0.8134626777251185,0.1865373222748815,0.183344942341924
410,25853,2191,1820,360,11,0.8306709265175719,0.16430853491556366,0.005020538566864446,0.8115427302996671,0.18845726970033297,0.18326693227091634
411,25855,2188,1795,376,17,0.8203839122486288,0.17184643510054845,0.007769652650822669,0.8149025998074216,0.18509740019257834,0.18394894604525236
412,25856,2188,1798,371,19,0.8217550274223034,0.16956124314442414,0.008683729433272395,0.8144856698511442,0.18551433014885582,0.18428991336633663
413,25858,2190,1804,369,17,0.8237442922374429,0.1684931506849315,0.007762557077625571,0.8137211367673179,0.18627886323268206,0.18439167762394618
414,25861,2190,1795,378,17,0.819634703196347,0.1726027397260274,0.007762557077625571,0.8134941185174225,0.1865058814825775,0.18483430648466803
415,25866,2190,1822,354,14,0.8319634703196347,0.16164383561643836,0.006392694063926941,0.8131981948657246,0.18680180513427536,0.18418000463929482
416,25864,2190,1783,392,15,0.8141552511415525,0.17899543378995433,0.00684931506849315,0.813387573964497,0.18661242603550296,0.1850448499845345
417,25870,2189,1800,374,15,0.8222932846048424,0.1708542713567839,0.006852444038373686,0.8150943396226416,0.18490566037735848,0.18507924236567452
418,25868,2189,1821,348,20,0.8318867062585655,0.15897670169026953,0.009136592051164915,0.8154039656703167,0.18459603432968333,0.18424308025359518
419,25871,2191,1800,376,15,0.8215426745778184,0.1716111364673665,0.006846188954815153,0.8150968505101286,0.18490314948987135,0.18449228866298173
420,25867,2192,1791,374,27,0.8170620437956204,0.17062043795620438,0.012317518248175183,0.8131697583327174,0.18683024166728254,0.1846367959175784
421,25882,2191,1779,403,9,0.8119580100410771,0.18393427658603378,0.004107713372889092,0.8138073767462488,0.1861926232537512,0.18568889575766942
422,25874,2189,1842,321,26,0.8414801279122888,0.14664230242119689,0.01187756966651439,0.8146449704142011,0.1853550295857988,0.1835819741825771
423,25870,2190,1819,350,21,0.8305936073059361,0.1598173515981735,0.009589041095890411,0.814625850340136,0.18537414965986396,0.1830305373018941
424,25867,2190,1804,367,19,0.8237442922374429,0.16757990867579908,0.008675799086757991,0.8143026179559237,0.18569738204407632,0.1830517647968454
425,25870,2192,1808,370,14,0.8248175182481752,0.1687956204379562,0.006386861313868613,0.8122228791013894,0.1877771208986107,0.18299188248936993
426,25868,2190,1819,353,18,0.8305936073059361,0.16118721461187216,0.00821917808219178,0.8157271785767125,0.18427282142328746,0.18238750579867016
427,25868,2189,1804,371,14,0.8241206030150754,0.16948378254910917,0.006395614435815441,0.8160894020130255,0.18391059798697454,0.1824648214009587
428,25864,2188,1803,368,17,0.8240402193784278,0.16819012797074953,0.007769652650822669,0.8174415161385845,0.18255848386141546,0.18237704918032788
429,25866,2189,1801,371,17,0.8227501142074006,0.16948378254910917,0.0077661032434901784,0.8176165803108808,0.18238341968911917,0.18240160828887342
430,25870,2189,1785,391,13,0.8154408405664687,0.1786203746002741,0.005938784833257195,0.8175090653444831,0.1824909346555169,0.18314650173946656
431,25871,2189,1790,383,16,0.8177249885792599,0.17496573777980814,0.007309273640931932,0.8177310737808037,0.18226892621919633,0.1835646090216845
432,25862,2189,1826,338,25,0.8341708542713567,0.15440840566468708,0.011420740063956145,0.8181280059193489,0.18187199408065113,0.18227515273374062
433,25859,2188,1797,374,17,0.8212979890310786,0.17093235831809872,0.007769652650822669,0.8197837997926848,0.18021620020731527,0.18260566920607912
434,25859,2190,1826,348,16,0.8337899543378996,0.1589041095890411,0.0073059360730593605,0.815814779199645,0.18418522080035504,0.18179357283731004
435,25855,2191,1842,328,21,0.8407120036513007,0.14970333181195802,0.009584664536741214,0.8139001848428835,0.18609981515711646,0.18039064010829628
436,25853,2191,1812,358,21,0.8270196257416704,0.16339570972158832,0.009584664536741214,0.8156532031365586,0.18434679686344133,0.18028855451978493
437,25859,2190,1793,385,12,0.8187214611872146,0.17579908675799086,0.005479452054794521,0.8151546544324404,0.18484534556755958,0.18109749023550795
438,25855,2190,1792,379,19,0.8182648401826484,0.1730593607305936,0.008675799086757991,0.8156862745098039,0.1843137254901961,0.18162831173854188
439,25856,2189,1794,376,19,0.8195523069894929,0.1717679305619004,0.00867976244860667,0.8183770176217977,0.1816229823782023,0.1821240717821782
440,25856,2189,1788,383,18,0.8168113293741435,0.17496573777980814,0.008222932846048425,0.818969346956908,0.18103065304309196,0.18289758663366337
441,25859,2190,1814,359,17,0.828310502283105,0.1639269406392694,0.007762557077625571,0.8180136175251628,0.18198638247483717,0.1826443404617348
442,25856,2189,1786,385,18,0.8158976701690269,0.17587939698492464,0.008222932846048425,0.8184039087947883,0.18159609120521172,0.18336169554455445
443,25857,2188,1812,359,17,0.8281535648994516,0.1640767824497258,0.007769652650822669,0.8187203791469194,0.18127962085308058,0.18296786170089338
444,25857,2189,1779,395,15,0.8126998629511192,0.1804476930105071,0.006852444038373686,0.8161634103019538,0.18383658969804617,0.18401206636500755
445,25850,2189,1794,365,30,0.8195523069894929,0.1667428049337597,0.013704888076747372,0.8170244263508513,0.18297557364914876,0.18386847195357833
446,25857,2190,1791,385,14,0.8178082191780822,0.17579908675799086,0.006392694063926941,0.8146503884572697,0.1853496115427303,0.18447615732683606
447,25862,2190,1764,408,18,0.8054794520547945,0.1863013698630137,0.00821917808219178,0.8129900872910194,0.18700991270898062,0.1859871626324337
448,25864,2192,1794,375,23,0.8184306569343066,0.17107664233576642,0.010492700729927007,0.8106889414547604,0.1893110585452395,0.18628209093721002
449,25866,2189,1776,394,19,0.8113293741434445,0.17999086340794884,0.00867976244860667,0.8117829916364444,0.18821700836355562,0.18750483259877831
450,25871,2190,1771,401,18,0.808675799086758,0.18310502283105023,0.00821917808219178,0.8114226529555375,0.18857734704446252,0.18893742027753083
451,25866,2190,1787,378,25,0.8159817351598173,0.1726027397260274,0.01141552511415525,0.8092878799083044,0.19071212009169564,0.18943787211010593
452,25863,2190,1788,380,22,0.8164383561643835,0.1735159817351598,0.01004566210045662,0.8097351679242492,0.19026483207575084,0.18988516413409118
453,25863,2190,1783,390,17,0.8141552511415525,0.1780821917808219,0.007762557077625571,0.8076183431952663,0.19238165680473374,0.19054247380427639
454,25869,2190,1787,387,16,0.8159817351598173,0.17671232876712328,0.0073059360730593605,0.8067164731119165,0.19328352688808345,0.19096215547566586
455,25863,2189,1770,396,23,0.808588396528095,0.18090452261306533,0.010507080858839652,0.8056521417474292,0.19434785825257084,0.19166376677106292
456,25864,2189,1787,382,20,0.8163544997715853,0.1745089081772499,0.009136592051164915,0.8064683244523386,0.19353167554766135,0.19169502010516548
457,25871,2191,1835,340,16,0.837517115472387,0.15518028297581013,0.00730260155180283,0.8051756007393716,0.19482439926062847,0.1901356731475397
458,25873,2190,1785,391,14,0.815068493150685,0.17853881278538813,0.006392694063926941,0.8052207350439992,0.1947792649560009,0.19077803115216635
459,25867,2189,1784,381,24,0.8149840109639105,0.17405207857469163,0.0109639104613979,0.8058001035732781,0.19419989642672192,0.1908609425136274
460,25860,2189,1779,384,26,0.8126998629511192,0.1754225673823664,0.01187756966651439,0.8054897898786624,0.19451021012133768,0.19098994586233564
461,25862,2190,1797,374,19,0.8205479452054795,0.17077625570776256,0.008675799086757991,0.8089073019161056,0.19109269808389437,0.1906271750058
462,25865,2191,1753,419,19,0.8000912825193975,0.1912368781378366,0.00867183934276586,0.8093336291694402,0.19066637083055987,0.1919969070172047
463,25867,2190,1786,385,19,0.8155251141552512,0.17579908675799086,0.008675799086757991,0.8091857111160418,0.1908142888839583,0.1917887656086906
464,25871,2189,1824,350,15,0.8332571950662403,0.15989036089538602,0.006852444038373686,0.8089530151683315,0.19104698483166851,0.19029028642108925
465,25859,2189,1776,386,27,0.8113293741434445,0.17633622658748288,0.012334399269072635,0.8098268462335356,0.1901731537664644,0.19045593410418035
466,25861,2190,1802,367,21,0.8228310502283105,0.16757990867579908,0.009589041095890411,0.8077236073093143,0.1922763926906858,0.18970650786899193
467,25857,2190,1836,333,21,0.8383561643835616,0.15205479452054796,0.009589041095890411,0.8081958724757748,0.19180412752422515,0.18772479405963569
468,25852,2190,1800,369,21,0.821917808219178,0.1684931506849315,0.009589041095890411,0.81032697144548,0.1896730285545199,0.18741296611480737
469,25846,2190,1799,366,25,0.8214611872146119,0.16712328767123288,0.01141552511415525,0.8076382207090519,0.1923617792909481,0.18687611235781165
470,25842,2189,1797,373,19,0.8209227957971676,0.17039744175422566,0.00867976244860667,0.8089737894269213,0.19102621057307864,0.18655676805200835
471,25836,2189,1807,359,23,0.8254910918227502,0.16400182731841023,0.010507080858839652,0.8121158261127157,0.18788417388728432,0.18582597925375446
472,25832,2190,1782,385,23,0.8136986301369863,0.17579908675799086,0.010502283105022832,0.8131803035912625,0.1868196964087375,0.1861257355218334
473,25838,2189,1813,364,12,0.8282320694380996,0.16628597533120146,0.00548195523069895,0.8137037037037037,0.1862962962962963,0.18550197383698427
474,25835,2188,1818,350,20,0.8308957952468007,0.15996343692870202,0.009140767824497258,0.8162751056103165,0.18372489438968354,0.1845558351074124
475,25829,2187,1804,362,21,0.8248742569730224,0.1655235482395976,0.009602194787379973,0.8178110633249296,0.18218893667507044,0.18397924813194472
476,25830,2187,1809,363,15,0.8271604938271605,0.16598079561042525,0.006858710562414266,0.8155728587319243,0.18442714126807563,0.18339140534262485
477,25825,2188,1814,354,20,0.8290676416819013,0.16179159049360145,0.009140767824497258,0.8169556840077071,0.18304431599229287,0.18245885769603098
478,25826,2188,1786,386,16,0.8162705667276051,0.17641681901279707,0.007312614259597806,0.8179662021938927,0.18203379780610732,0.1828777201270038
479,25817,2188,1810,348,30,0.8272394881170019,0.1590493601462523,0.013711151736745886,0.8163356062852061,0.18366439371479396,0.18181818181818182
480,25817,2190,1814,354,22,0.828310502283105,0.16164383561643836,0.01004566210045662,0.8166864256075874,0.18331357439241255,0.18127590347445482
481,25823,2190,1814,361,15,0.828310502283105,0.16484018264840183,0.00684931506849315,0.8173803526448362,0.18261964735516373,0.18107888316616969
482,25819,2190,1794,374,22,0.8191780821917808,0.17077625570776256,0.01004566210045662,0.8164716338320249,0.1835283661679751,0.18145551725473488
483,25821,2189,1796,373,20,0.8204659661946094,0.17039744175422566,0.009136592051164915,0.8171509042395494,0.18284909576045064,0.1817512877115526
484,25825,2188,1812,359,17,0.8281535648994516,0.1640767824497258,0.007769652650822669,0.8191118689302395,0.18088813106976054,0.18156824782187803
485,25825,2188,1785,384,19,0.8158135283363802,0.17550274223034734,0.008683729433272395,0.8191860034101861,0.18081399658981392,0.18234269119070667
486,25824,2188,1796,370,22,0.8208409506398537,0.16910420475319926,0.010054844606946984,0.8176697302104952,0.1823302697895049,0.18242719950433706
487,25826,2189,1802,369,18,0.8232069438099588,0.16857012334399268,0.008222932846048425,0.8169828097213989,0.18301719027860106,0.18249051343607217
488,25828,2188,1788,385,15,0.8171846435100548,0.17595978062157222,0.006855575868372943,0.8172991402312482,0.18270085976875186,0.1831733002942543
489,25825,2189,1854,311,24,0.8469620831429877,0.14207400639561443,0.0109639104613979,0.8154404682522042,0.1845595317477958,0.18110358180058084
490,25825,2188,1810,361,17,0.8272394881170019,0.1649908592321755,0.007769652650822669,0.816234247590808,0.183765752409192,0.1811810261374637
491,25832,2190,1799,379,12,0.8214611872146119,0.1730593607305936,0.005479452054794521,0.8151988741574698,0.1848011258425302,0.1817900278724063
492,25835,2191,1780,393,18,0.8124144226380648,0.179370150616157,0.008215426745778184,0.8133836701458287,0.1866163298541713,0.1828527191794078
493,25842,2189,1803,368,18,0.8236637734125172,0.16811329374143444,0.008222932846048425,0.8165790058522854,0.18342099414771465,0.18291927869359956
494,25843,2189,1823,344,22,0.8328003654636821,0.15714938328003655,0.010050251256281407,0.8174074074074074,0.18259259259259258,0.1821382966373873
495,25843,2190,1780,390,20,0.8127853881278538,0.1780821917808219,0.0091324200913242,0.8170108816344659,0.18298911836553408,0.18322176217931355
496,25853,2191,1814,361,16,0.8279324509356458,0.16476494751255136,0.00730260155180283,0.8148723640399556,0.1851276359600444,0.18295749042664294
497,25860,2190,1814,361,15,0.828310502283105,0.16484018264840183,0.00684931506849315,0.8158810034781322,0.18411899652186783,0.18279195668986853
498,25862,2189,1818,355,16,0.8305162174508908,0.16217450890817725,0.007309273640931932,0.8174350625323762,0.18256493746762378,0.18242981981285283
499,25856,2189,1798,369,22,0.8213796253997259,0.16857012334399268,0.010050251256281407,0.8158946277933994,0.18410537220660056,0.1825108292079208
500,25856,2189,1806,365,18,0.8250342622201918,0.1667428049337597,0.008222932846048425,0.8172600103619273,0.18273998963807267,0.18235612623762376
501,25853,2191,1800,370,21,0.8215426745778184,0.16887266088544045,0.009584664536741214,0.8147189349112426,0.18528106508875739,0.1824159671991645
502,25854,2191,1813,358,20,0.8274760383386581,0.16339570972158832,0.009128251939753538,0.8152503513053768,0.18474964869462318,0.1820608029705268
503,25854,2190,1833,340,17,0.836986301369863,0.1552511415525114,0.007762557077625571,0.8157057212641551,0.18429427873584486,0.18105515587529977
504,25855,2189,1799,378,12,0.8218364550022842,0.1726815897670169,0.00548195523069895,0.8173539646109425,0.18264603538905752,0.18158963450009669
505,25848,2189,1782,382,25,0.8140703517587939,0.1745089081772499,0.011420740063956145,0.817192358951577,0.18280764104842293,0.18229650263076447
506,25844,2189,1820,348,21,0.8314298766560073,0.15897670169026953,0.009593421653723162,0.8166136077589398,0.18338639224106018,0.18162823092400557
507,25840,2189,1808,362,19,0.8259479214253084,0.16537231612608497,0.00867976244860667,0.8195483154387264,0.1804516845612736,0.18150154798761609
508,25834,2190,1780,385,25,0.8127853881278538,0.17579908675799086,0.01141552511415525,0.8185048112509252,0.18149518874907475,0.18224045831075328
509,25836,2190,1814,359,17,0.828310502283105,0.1639269406392694,0.007762557077625571,0.8171047760088856,0.1828952239911144,0.18172317696237808
510,25841,2189,1812,363,14,0.8277752398355414,0.1658291457286432,0.006395614435815441,0.8176161197125713,0.1823838802874287,0.181533222398514
511,25840,2189,1807,363,19,0.8254910918227502,0.1658291457286432,0.00867976244860667,0.8180134804829272,0.18198651951707281,0.18146284829721362
512,25845,2188,1794,379,15,0.819926873857404,0.17321755027422303,0.006855575868372943,0.8165654170988295,0.18343458290117054,0.18208550976978138
513,25841,2188,1792,373,23,0.8190127970749543,0.17047531992687387,0.010511882998171846,0.8171851851851852,0.18281481481481482,0.1824619790255795
514,25839,2190,1795,374,21,0.819634703196347,0.17077625570776256,0.009589041095890411,0.8168961942840219,0.1831038057159781,0.18286311389759666
515,25846,2190,1811,363,16,0.8269406392694064,0.16575342465753426,0.0073059360730593605,0.8156374944469125,0.18436250555308753,0.1827748974696278
516,25849,2189,1810,363,16,0.8268615806304248,0.1658291457286432,0.007309273640931932,0.8154620853080569,0.18453791469194314,0.18279237107818486
517,25842,2189,1825,339,25,0.8337140246687985,0.15486523526724533,0.011420740063956145,0.8158927645708361,0.18410723542916388,0.1818744679204396
518,25841,2190,1818,354,18,0.8301369863013699,0.16164383561643836,0.00821917808219178,0.8143925372029318,0.1856074627970682,0.1815719205913084
519,25842,2190,1795,380,15,0.819634703196347,0.1735159817351598,0.00684931506849315,0.8144200162854394,0.18557998371456066,0.18218404148285736
520,25853,2190,1784,396,10,0.8146118721461187,0.18082191780821918,0.0045662100456621,0.8159141376757957,0.1840858623242043,0.1833056125014505
521,25861,2188,1809,368,11,0.826782449725777,0.16819012797074953,0.005027422303473492,0.8171517440568763,0.18284825594312376,0.18321023935656008
522,25857,2188,1798,369,21,0.8217550274223034,0.1686471663619744,0.009597806215722121,0.8176701473746575,0.18232985262534251,0.18331592992226475
523,25854,2189,1825,340,24,0.8337140246687985,0.15532206486980357,0.0109639104613979,0.816580310880829,0.18341968911917098,0.18229287537711766
524,25848,2190,1815,353,22,0.8287671232876712,0.16118721461187216,0.01004566210045662,0.8154779520568215,0.18452204794317845,0.1818322500773754
525,25852,2192,1823,350,19,0.8316605839416058,0.15967153284671534,0.008667883211678832,0.8159432078680766,0.18405679213192339,0.18118520810768993
526,25847,2191,1786,385,20,0.8151528982199908,0.1757188498402556,0.009128251939753538,0.8162585990088024,0.18374140099119757,0.18187797423298643
527,25851,2190,1770,404,16,0.8082191780821918,0.18447488584474886,0.0073059360730593605,0.8176030794285292,0.18239692057147086,0.1832424277590809
528,25856,2189,1807,365,17,0.8254910918227502,0.1667428049337597,0.0077661032434901784,0.818127962085308,0.18187203791469195,0.18301361386138615
529,25861,2190,1808,364,18,0.8255707762557077,0.16621004566210046,0.00821917808219178,0.8177915926583778,0.18220840734162227,0.1828622249719655
530,25857,2190,1809,357,24,0.826027397260274,0.16301369863013698,0.010958904109589041,0.8158478839893459,0.18415211601065404,0.1825424449858839
531,25847,2190,1806,359,25,0.8246575342465754,0.1639269406392694,0.01141552511415525,0.8142476697736352,0.18575233022636484,0.18230355553836036
532,25844,2190,1795,371,24,0.819634703196347,0.16940639269406393,0.010958904109589041,0.8159881569207994,0.1840118430792006,0.1826342671413094
533,25847,2190,1804,370,16,0.8237442922374429,0.1689497716894977,0.0073059360730593605,0.816095357962538,0.18390464203746207,0.18284520447247263
534,25855,2189,1789,386,14,0.8172681589767017,0.17633622658748288,0.006395614435815441,0.8167814559727468,0.1832185440272532,0.18371688261458133
535,25853,2189,1825,343,21,0.8337140246687985,0.1566925536774783,0.009593421653723162,0.8157251795365366,0.18427482046346338,0.18276408927397209
536,25846,2189,1796,371,22,0.8204659661946094,0.16948378254910917,0.010050251256281407,0.814642090458213,0.18535790954178696,0.1830070417085816
537,25854,2190,1806,371,13,0.8246575342465754,0.16940639269406393,0.005936073059360731,0.8135869163028195,0.1864130836971805,0.18306645006575384
538,25854,2190,1817,355,18,0.8296803652968037,0.16210045662100456,0.00821917808219178,0.8136609191149263,0.18633908088507364,0.18260230525257212
539,25857,2188,1801,375,12,0.823126142595978,0.17138939670932357,0.005484460694698354,0.8171987260202948,0.18280127397970522,0.18296786170089338
540,25856,2187,1807,362,18,0.8262459990855052,0.1655235482395976,0.00823045267489712,0.8167271649751834,0.18327283502481664,0.18282023514851486
541,25853,2188,1811,357,20,0.8276965265082267,0.16316270566727606,0.009140767824497258,0.816350710900474,0.18364928909952608,0.18249332766023285
542,25842,2189,1786,376,27,0.8158976701690269,0.1717679305619004,0.012334399269072635,0.8166740707833555,0.18332592921664445,0.18288058199829735
543,25847,2191,1823,350,18,0.8320401643085349,0.1597444089456869,0.008215426745778184,0.815773897602841,0.18422610239715892,0.18203273107130422
544,25843,2191,1815,356,20,0.8283888635326335,0.16248288452761298,0.009128251939753538,0.8163189820979435,0.18368101790205651,0.1815191734705723
545,25838,2190,1811,354,25,0.8269406392694064,0.16164383561643836,0.01141552511415525,0.8171255180580225,0.1828744819419775,0.18105116495084758
546,25844,2189,1818,359,12,0.8305162174508908,0.16400182731841023,0.00548195523069895,0.81743445415494,0.18256554584506,0.1808156632100294
547,25846,2189,1777,395,17,0.8117862037460027,0.1804476930105071,0.0077661032434901784,0.8172664001184659,0.18273359988153412,0.1819237019267972
548,25840,2189,1805,355,29,0.8245774326176336,0.16217450890817725,0.013248058474189127,0.8182423928333457,0.18175760716665432,0.18150154798761609
549,25828,2188,1804,357,27,0.8244972577696527,0.16316270566727606,0.012340036563071298,0.8190709046454768,0.18092909535452323,0.18127613442775284
550,25831,2190,1823,351,16,0.8324200913242009,0.16027397260273973,0.0073059360730593605,0.8188416530884314,0.18115834691156865,0.1805969571445163
551,25829,2190,1810,362,18,0.8264840182648402,0.16529680365296803,0.00821917808219178,0.8173603910531773,0.18263960894682268,0.18049479267490032
552,25824,2188,1809,358,21,0.826782449725777,0.1636197440585009,0.009597806215722121,0.8177573556659008,0.18224264433409917,0.18029739776951673
553,25821,2188,1807,362,19,0.8258683729433273,0.16544789762340037,0.008683729433272395,0.8177504263364722,0.18224957366352784,0.18027961736571008
554,25820,2189,1826,340,23,0.8341708542713567,0.15532206486980357,0.010507080858839652,0.8192396057214852,0.18076039427851479,0.17943454686289698
555,25818,2189,1846,325,18,0.8433074463225217,0.14846962083142987,0.008222932846048425,0.8185253797702853,0.18147462022971472,0.17801533813618406
556,25819,2189,1820,354,15,0.8314298766560073,0.161717679305619,0.006852444038373686,0.818498480693693,0.18150151930630698,0.17785351872651922
557,25825,2190,1818,359,13,0.8301369863013699,0.1639269406392694,0.005936073059360731,0.818094250148192,0.18190574985180794,0.17773475314617618
558,25819,2188,1819,345,24,0.8313528336380256,0.1576782449725777,0.010968921389396709,0.819294082752484,0.18070591724751595,0.1771950888880282
559,25811,2187,1781,384,22,0.8143575674439872,0.1755829903978052,0.010059442158207591,0.8234421364985163,0.17655786350148367,0.17817984580217736
560,25810,2189,1819,348,22,0.8309730470534491,0.15897670169026953,0.010050251256281407,0.8235599377270368,0.17644006227296316,0.17760557923285547
561,25822,2191,1841,341,9,0.8402555910543131,0.1556366955727978,0.004107713372889092,0.8234945559588178,0.17650544404118212,0.1768259623576795
562,25825,2189,1846,326,17,0.8433074463225217,0.1489264504339881,0.0077661032434901784,0.8238345808937968,0.1761654191062032,0.17564375605033883
563,25820,2188,1821,348,19,0.8322669104204753,0.1590493601462523,0.008683729433272395,0.8221777481283818,0.17782225187161813,0.1752904725019365
564,25819,2188,1810,357,21,0.8272394881170019,0.16316270566727606,0.009597806215722121,0.8228054567022538,0.17719454329774614,0.17525853053952514
565,25831,2190,1824,355,11,0.8328767123287671,0.16210045662100456,0.00502283105022831,0.8241090612728754,0.17589093872712455,0.17509968642328985
566,25831,2190,1825,349,16,0.8333333333333334,0.1593607305936073,0.0073059360730593605,0.8251240648840826,0.17487593511591734,0.1747899810305447
567,25833,2189,1815,358,16,0.8291457286432161,0.163544997715852,0.007309273640931932,0.8238998370128908,0.1761001629871092,0.17493128943599273
568,25839,2188,1832,347,9,0.8372943327239488,0.1585923217550274,0.004113345521023766,0.8236863558882384,0.17631364411176165,0.17461976082665737
569,25834,2188,1807,360,21,0.8258683729433273,0.16453382084095064,0.009597806215722121,0.8239217429968875,0.1760782570031125,0.17504064411241
570,25840,2190,1792,380,18,0.8182648401826484,0.1735159817351598,0.00821917808219178,0.8238169295712064,0.1761830704287936,0.1761996904024768
571,25843,2190,1816,357,17,0.8292237442922374,0.16301369863013698,0.007762557077625571,0.825336887309344,0.174663112690656,0.17633401694849668
572,25846,2191,1812,360,19,0.8270196257416704,0.16430853491556366,0.00867183934276586,0.8254050454982614,0.17459495450173856,0.17670045655033662
573,25853,2189,1817,360,12,0.8300593878483326,0.16445865692096848,0.00548195523069895,0.8241522286391234,0.17584777136087665,0.1769233744633118
574,25850,2189,1811,359,19,0.8273184102329831,0.16400182731841023,0.00867976244860667,0.8208734270910437,0.17912657290895634,0.17713733075435203
575,25851,2190,1815,358,17,0.8287671232876712,0.1634703196347032,0.007762557077625571,0.8204558910597987,0.1795441089402013,0.17724652818072803
576,25851,2190,1790,382,18,0.817351598173516,0.17442922374429223,0.00821917808219178,0.8203344679591534,0.17966553204084654,0.1783683416502263
577,25867,2191,1822,359,10,0.8315837517115472,0.163852122318576,0.004564125969876769,0.8199171352471145,0.18008286475288546,0.17856728650403988
578,25869,2189,1812,362,15,0.8277752398355414,0.16537231612608497,0.006852444038373686,0.8193252441550755,0.18067475584492454,0.1790560129885191
579,25877,2190,1819,358,13,0.8305936073059361,0.1634703196347032,0.005936073059360731,0.8192779997040982,0.18072200029590177,0.1792711674459945
580,25875,2189,1806,367,16,0.8250342622201918,0.1676564641388762,0.007309273640931932,0.8170587364994821,0.18294126350051781,0.17982608695652175
581,25867,2190,1804,362,24,0.8237442922374429,0.16529680365296803,0.010958904109589041,0.8173148011237616,0.18268519887623835,0.18011365832914525
582,25868,2191,1802,370,19,0.8224554997717937,0.16887266088544045,0.00867183934276586,0.818396923986986,0.1816030760130139,0.1806092469460337
583,25869,2191,1813,361,17,0.8274760383386581,0.16476494751255136,0.007759014148790507,0.8184371996747246,0.1815628003252754,0.18067957787313
584,25873,2191,1818,360,13,0.8297581013235965,0.16430853491556366,0.005933363760839799,0.8179936423449398,0.18200635765506026,0.18065164457156108
585,25862,2190,1812,350,28,0.8273972602739726,0.1598173515981735,0.012785388127853882,0.8178254437869823,0.18217455621301776,0.18034181424483797
586,25858,2191,1832,337,22,0.836147877681424,0.1538110451848471,0.010041077133728891,0.8172472450262555,0.18275275497374455,0.17940289272178822
587,25852,2191,1806,365,20,0.8242811501597445,0.16659059790050204,0.009128251939753538,0.8171128531282355,0.18288714687176452,0.17956057558409408
588,25866,2191,1838,345,8,0.83888635326335,0.1574623459607485,0.003651300775901415,0.8185179707143914,0.18148202928560864,0.17880615479780407
589,25856,2188,1791,376,21,0.8185557586837294,0.17184643510054845,0.009597806215722121,0.8189355244651714,0.18106447553482863,0.17949412128712872
590,25855,2188,1814,353,21,0.8290676416819013,0.1613345521023766,0.009597806215722121,0.8204235781990521,0.17957642180094788,0.17911429123960548
591,25849,2188,1808,361,19,0.8263254113345521,0.1649908592321755,0.008683729433272395,0.8199659334962601,0.1800340665037399,0.17907849433246933
592,25850,2190,1776,399,15,0.810958904109589,0.1821917808219178,0.00684931506849315,0.8213783403656821,0.17862165963431786,0.1804642166344294
593,25846,2190,1827,341,22,0.8342465753424657,0.15570776255707763,0.01004566210045662,0.8204293116210215,0.17957068837897852,0.17948618741778224
594,25846,2189,1812,363,14,0.8277752398355414,0.1658291457286432,0.006395614435815441,0.821373028215952,0.178626971784048,0.17960225953725914
595,25847,2188,1835,334,19,0.8386654478976234,0.1526508226691042,0.008683729433272395,0.8213677113432615,0.17863228865673852,0.17862808062831276
596,25838,2189,1792,376,21,0.8186386477843764,0.1717679305619004,0.009593421653723162,0.8186935268849059,0.18130647311509407,0.17930954408235933
597,25834,2190,1831,334,25,0.8360730593607306,0.15251141552511416,0.01141552511415525,0.8193261754905591,0.18067382450944094,0.17825346442672446
598,25833,2191,1808,364,19,0.8251939753537197,0.16613418530351437,0.00867183934276586,0.8179530822171243,0.18204691778287574,0.1784926257112995
599,25838,2191,1792,381,18,0.8178913738019169,0.1738931994523049,0.008215426745778184,0.8197497964320083,0.1802502035679917,0.17942565214025855
600,25836,2189,1823,344,22,0.8328003654636821,0.15714938328003655,0.010050251256281407,0.817717206132879,0.18228279386712096,0.17882025081281933
601,25835,2188,1799,373,16,0.8222120658135283,0.17047531992687387,0.007312614259597806,0.8202297147091515,0.17977028529084846,0.17948519450358041
602,25842,2189,1812,363,14,0.8277752398355414,0.1658291457286432,0.006395614435815441,0.8197644269945922,0.1802355730054078,0.1797074529835152
603,25836,2189,1806,363,20,0.8250342622201918,0.1658291457286432,0.009136592051164915,0.8184847811597423,0.18151521884025773,0.1799040099086546
604,25836,2188,1813,353,22,0.8286106032906764,0.1613345521023766,0.010054844606946984,0.8215238659946635,0.1784761340053365,0.17974918718067812
605,25838,2189,1789,385,15,0.8172681589767017,0.17587939698492464,0.006852444038373686,0.8196296296296296,0.18037037037037038,0.18070284077714993
606,25834,2189,1805,361,23,0.8245774326176336,0.16491548652352672,0.010507080858839652,0.81956892082068,0.18043107917932005,0.18057598513586745
607,25829,2189,1828,336,25,0.8350845134764733,0.1534947464595706,0.011420740063956145,0.8180269589690417,0.18197304103095838,0.17964303689651168
608,25832,2189,1775,399,15,0.8108725445408862,0.18227501142074007,0.006852444038373686,0.8193065639353978,0.18069343606460217,0.1811706410653453
609,25840,2191,1807,366,18,0.824737562756732,0.16704701049748974,0.008215426745778184,0.8163582531458179,0.18364174685418208,0.1811919504643963
610,25842,2190,1794,379,17,0.8191780821917808,0.1730593607305936,0.007762557077625571,0.8165124028137727,0.1834875971862273,0.18195186131104404
611,25847,2188,1772,400,16,0.8098720292504571,0.18281535648994515,0.007312614259597806,0.819178894323403,0.180821105676597,0.1835416102449027
612,25851,2189,1804,367,18,0.8241206030150754,0.1676564641388762,0.008222932846048425,0.8158596179475789,0.18414038205242114,0.18362925998994237
613,25846,2189,1814,352,23,0.8286888990406578,0.16080402010050251,0.010507080858839652,0.8163038649489116,0.1836961350510884,0.1832391859475354
614,25851,2189,1840,336,13,0.8405664687071722,0.1534947464595706,0.005938784833257195,0.8153413297793574,0.18465867022064267,0.18223666395884106
615,25843,2190,1821,347,22,0.8315068493150685,0.15844748858447488,0.01004566210045662,0.8129948938059647,0.18700510619403538,0.18167395426227606
616,25842,2191,1799,371,21,0.8210862619808307,0.16932907348242812,0.009584664536741214,0.8123844048235556,0.18761559517644447,0.18199055800634625
617,25843,2189,1793,377,19,0.8190954773869347,0.17222476016445865,0.00867976244860667,0.8144390966308774,0.18556090336912254,0.18248655341872075
618,25845,2190,1788,383,19,0.8164383561643835,0.17488584474885846,0.008675799086757991,0.8162570328694108,0.18374296713058927,0.18313019926484814
619,25851,2190,1789,384,17,0.8168949771689498,0.17534246575342466,0.007762557077625571,0.8158070006660253,0.18419299933397468,0.1837453096592008
620,25851,2189,1822,349,18,0.8323435358611238,0.15943353129282778,0.008222932846048425,0.8173069805314975,0.18269301946850247,0.18304901164365014
621,25855,2189,1803,374,12,0.8236637734125172,0.1708542713567839,0.00548195523069895,0.8165395720737395,0.18346042792626047,0.1832914329916844
622,25852,2188,1800,370,18,0.8226691042047533,0.16910420475319926,0.008226691042047532,0.8162766587677726,0.1837233412322275,0.18335138480581772
623,25850,2188,1802,366,20,0.823583180987203,0.16727605118829983,0.009140767824497258,0.8169900755443638,0.1830099244556362,0.1832882011605416
624,25848,2188,1779,390,19,0.8130712979890311,0.17824497257769653,0.008683729433272395,0.8180134804829272,0.18198651951707281,0.18403744970597338
625,25847,2190,1779,387,24,0.8123287671232877,0.17671232876712328,0.010958904109589041,0.8167825958265502,0.18321740417344975,0.18462490811312726
626,25851,2190,1812,360,18,0.8273972602739726,0.1643835616438356,0.00821917808219178,0.8146969584844224,0.18530304151557758,0.18417082511314842
627,25858,2190,1815,360,15,0.8287671232876712,0.1643835616438356,0.00684931506849315,0.8137487050466183,0.1862512949533817,0.1838502591074329
628,25857,2190,1795,377,18,0.819634703196347,0.17214611872146118,0.00821917808219178,0.8125184965966262,0.18748150340337377,0.18420543759910277
629,25853,2190,1794,372,24,0.8191780821917808,0.16986301369863013,0.010958904109589041,0.8118108488122548,0.18818915118774512,0.18446601941747573
630,25859,2189,1789,387,13,0.8172681589767017,0.17679305619004113,0.005938784833257195,0.8133234641006661,0.18667653589933383,0.18538999961328745
631,25859,2189,1797,374,18,0.8209227957971676,0.1708542713567839,0.008222932846048425,0.8147764287829434,0.18522357121705657,0.18569936965853281
632,25868,2190,1787,391,12,0.8159817351598173,0.17853881278538813,0.005479452054794521,0.8130827290217553,0.1869172709782448,0.1866012061233957
633,25872,2188,1796,381,11,0.8208409506398537,0.17413162705667276,0.005027422303473492,0.8131062569418733,0.18689374305812662,0.18680426716141002
634,25867,2188,1800,369,19,0.8226691042047533,0.1686471663619744,0.008683729433272395,0.8122131754256107,0.18778682457438933,0.1866084199945877
635,25864,2189,1789,381,19,0.8172681589767017,0.17405207857469163,0.00867976244860667,0.8117229129662522,0.1882770870337478,0.1869393751933189
636,25865,2190,1794,379,17,0.8191780821917808,0.1730593607305936,0.007762557077625571,0.8115384615384615,0.18846153846153846,0.18712545911463369
637,25868,2191,1782,391,18,0.8133272478320401,0.17845732542218165,0.008215426745778184,0.8119455943228858,0.18805440567711412,0.18783825576001237
638,25866,2191,1802,366,23,0.8224554997717937,0.16704701049748974,0.010497489730716568,0.8114881348414282,0.18851186515857174,0.18750483259877831
639,25866,2191,1787,381,23,0.8156093108169785,0.1738931994523049,0.010497489730716568,0.8102912908472572,0.18970870915274288,0.18781411892059074
640,25870,2191,1783,388,20,0.8137836604290278,0.1770880876312186,0.009128251939753538,0.8101574628520737,0.18984253714792637,0.18824893699265557
641,25870,2192,1761,408,23,0.8033759124087592,0.18613138686131386,0.010492700729927007,0.8090734446578987,0.19092655534210137,0.1894858909934287
642,25870,2191,1795,372,24,0.81926061159288,0.1697854860794158,0.010953902327704245,0.8103512014787431,0.18964879852125693,0.18925396211828371
643,25874,2190,1804,370,16,0.8237442922374429,0.1689497716894977,0.0073059360730593605,0.8099534127042816,0.1900465872957184,0.18910875782638942
644,25874,2189,1777,394,18,0.8117862037460027,0.17999086340794884,0.008222932846048425,0.8098831188045569,0.19011688119544312,0.18984308572311973
645,25876,2189,1798,374,17,0.8213796253997259,0.1708542713567839,0.0077661032434901784,0.8080651128375879,0.19193488716241214,0.1896738290307621
646,25875,2189,1786,384,19,0.8158976701690269,0.1754225673823664,0.00867976244860667,0.8079171291157973,0.19208287088420273,0.18991304347826088
647,25875,2189,1776,398,15,0.8113293741434445,0.18181818181818182,0.006852444038373686,0.8087451908848772,0.19125480911512283,0.19057004830917876
648,25867,2188,1788,378,22,0.8171846435100548,0.17276051188299818,0.010054844606946984,0.8078146969584844,0.19218530304151557,0.19043569026172344
649,25868,2189,1805,369,15,0.8245774326176336,0.16857012334399268,0.006852444038373686,0.8087767335158736,0.1912232664841264,0.18996443482294728
650,25863,2190,1798,372,20,0.8210045662100457,0.16986301369863013,0.0091324200913242,0.8076638555999408,0.19233614440005917,0.18973050303522407
651,25863,2190,1790,379,21,0.817351598173516,0.1730593607305936,0.009589041095890411,0.8067450632349679,0.19325493676503216,0.18976916830994084
652,25851,2190,1777,383,30,0.8114155251141553,0.17488584474885846,0.0136986301369863,0.8073082328574599,0.19269176714254013,0.18989594212989827
653,25851,2191,1781,384,26,0.8128708352350524,0.17526243724326793,0.011866727521679598,0.8096752718396331,0.19032472816036689,0.19005067502224285
654,25854,2191,1795,379,17,0.81926061159288,0.17298037425832952,0.007759014148790507,0.8097773833296353,0.1902226166703646,0.1898739073257523
655,25853,2191,1793,377,21,0.8183477863989046,0.17206754906435417,0.009584664536741214,0.8092314520304756,0.19076854796952436,0.18964917030905504
656,25850,2189,1797,372,20,0.8209227957971676,0.16994061215166742,0.009136592051164915,0.8096824339329336,0.1903175660670664,0.18920696324951644
657,25850,2188,1788,381,19,0.8171846435100548,0.17413162705667276,0.008683729433272395,0.8090054062060283,0.1909945937939717,0.18920696324951644
658,25841,2189,1772,392,25,0.8095020557332115,0.17907720420283235,0.011420740063956145,0.8094638625592417,0.19053613744075829,0.18958244649974845
659,25841,2189,1791,376,22,0.8181818181818182,0.1717679305619004,0.010050251256281407,0.8105925925925926,0.1894074074074074,0.18935025734298208
660,25844,2189,1786,387,16,0.8158976701690269,0.17679305619004113,0.007309273640931932,0.8109909643015849,0.18900903569841504,0.18956043956043955
661,25844,2188,1826,343,19,0.8345521023765996,0.15676416819012798,0.008683729433272395,0.8101481481481482,0.18985185185185185,0.18805138523448384
662,25841,2188,1807,363,18,0.8258683729433273,0.16590493601462522,0.008226691042047532,0.8087864868869462,0.1912135131130538,0.18753144228164545
663,25835,2188,1773,392,23,0.8103290676416819,0.17915904936014626,0.010511882998171846,0.8089945913906794,0.19100540860932058,0.1881168956841494
664,25836,2190,1812,355,23,0.8273972602739726,0.16210045662100456,0.010502283105022832,0.8089138964981121,0.1910861035018879,0.18718067812354855
665,25842,2190,1799,374,17,0.8214611872146119,0.17077625570776256,0.007762557077625571,0.8115652302680291,0.18843476973197099,0.18709852178623945
666,25840,2189,1789,379,21,0.8172681589767017,0.17313841936957514,0.009593421653723162,0.8125138837467605,0.18748611625323955,0.18719040247678018
667,25836,2189,1791,377,21,0.8181818181818182,0.17222476016445865,0.009593421653723162,0.8114632701421801,0.1885367298578199,0.1871032667595603
668,25837,2189,1784,384,21,0.8149840109639105,0.1754225673823664,0.009593421653723162,0.8125787095340395,0.18742129046596046,0.18721213763207803
669,25837,2189,1787,381,21,0.8163544997715853,0.17405207857469163,0.009593421653723162,0.8131387942527033,0.1868612057472967,0.1872895459999226
670,25835,2189,1799,369,21,0.8218364550022842,0.16857012334399268,0.009593421653723162,0.8137450936828853,0.18625490631711472,0.18687826591832785
671,25837,2190,1812,361,17,0.8273972602739726,0.16484018264840183,0.007762557077625571,0.8136848341232228,0.18631516587677724,0.18624453303402097
672,25842,2189,1822,353,14,0.8323435358611238,0.16126084970306076,0.006395614435815441,0.8136899029557745,0.1863100970442255,0.1853184738023373
673,25843,2189,1771,402,16,0.8090452261306532,0.1836455002284148,0.007309273640931932,0.8115555555555556,0.18844444444444444,0.1863947684092404
674,25831,2188,1773,385,30,0.8103290676416819,0.17595978062157222,0.013711151736745886,0.8112913980884641,0.1887086019115359,0.18667492547713987
675,25841,2189,1841,332,16,0.8410232983097304,0.1516674280493376,0.007309273640931932,0.8131851851851852,0.18681481481481482,0.18497736155721528
676,25842,2190,1813,360,17,0.8278538812785388,0.1643835616438356,0.007762557077625571,0.8134438851051229,0.1865561148948771,0.1846606299821995
677,25845,2191,1810,362,19,0.8261068005476951,0.16522136010953903,0.00867183934276586,0.8115287849637413,0.1884712150362587,0.18440704198104083
678,25843,2190,1816,354,20,0.8292237442922374,0.16164383561643836,0.0091324200913242,0.8109268581581285,0.1890731418418715,0.18380219014820262
679,25842,2190,1794,377,19,0.8191780821917808,0.17214611872146118,0.008675799086757991,0.8138140361267397,0.18618596387326028,0.1840801795526662
680,25848,2190,1803,369,18,0.8232876712328767,0.1684931506849315,0.00821917808219178,0.8154153709462462,0.1845846290537539,0.18396007428040853
681,25851,2189,1810,364,15,0.8268615806304248,0.16628597533120146,0.006852444038373686,0.8165531536867042,0.18344684631329583,0.18355189354377008
682,25857,2189,1805,372,12,0.8245774326176336,0.16994061215166742,0.00548195523069895,0.8175155463429079,0.1824844536570921,0.18354797540317902
683,25860,2189,1797,375,17,0.8209227957971676,0.17131110095934216,0.0077661032434901784,0.8164322723908216,0.1835677276091784,0.18356535189481826
684,25851,2189,1826,335,28,0.8341708542713567,0.15303791685701235,0.012791228871630882,0.8156180606957809,0.1843819393042191,0.18208193106649645
685,25844,2189,1809,359,21,0.8264047510278666,0.16400182731841023,0.009593421653723162,0.8177241430369439,0.1822758569630562,0.1816669246246711
686,25843,2191,1830,340,21,0.8352350524874487,0.15518028297581013,0.009584664536741214,0.8186593666765315,0.18134063332346848,0.18055179352242387
687,25846,2191,1784,394,13,0.8142400730260155,0.1798265632131447,0.005933363760839799,0.8161574313827032,0.18384256861729673,0.18157548556836647
688,25849,2189,1831,342,16,0.836455002284148,0.15623572407492006,0.007309273640931932,0.8177711958533876,0.18222880414661236,0.18043251189601145
689,25842,2188,1796,371,21,0.8208409506398537,0.16956124314442414,0.009597806215722121,0.8179528958672789,0.18204710413272107,0.1807522637566752
690,25843,2189,1794,374,21,0.8195523069894929,0.1708542713567839,0.009593421653723162,0.8188416530884314,0.18115834691156865,0.18105483109546106
691,25846,2190,1807,364,19,0.8251141552511415,0.16621004566210046,0.008675799086757991,0.8176165803108808,0.18238341968911917,0.18107250638396657
692,25853,2190,1796,380,14,0.8200913242009132,0.1735159817351598,0.006392694063926941,0.8191843682925024,0.1808156317074976,0.18171972304954936
693,25847,2189,1818,345,26,0.8305162174508908,0.1576062128825948,0.01187756966651439,0.8186866069445473,0.18131339305545272,0.181065500831818
694,25838,2189,1797,368,24,0.8209227957971676,0.16811329374143444,0.0109639104613979,0.8183232113760924,0.18167678862390757,0.18132208375261244
695,25840,2189,1840,331,18,0.8405664687071722,0.15121059844677937,0.008222932846048425,0.8189361386872129,0.18106386131278707,0.17995356037151702
696,25836,2191,1843,328,20,0.8411684162482884,0.14970333181195802,0.009128251939753538,0.816547028787094,0.1834529712129061,0.17870413376683697
697,25839,2190,1815,362,13,0.8287671232876712,0.16529680365296803,0.005936073059360731,0.8174144824522435,0.18258551754775657,0.17872208676806378
698,25835,2189,1804,365,20,0.8241206030150754,0.1667428049337597,0.009136592051164915,0.8158927645708361,0.18410723542916388,0.1788271724404877
699,25834,2188,1832,337,19,0.8372943327239488,0.1540219378427788,0.008683729433272395,0.8195494293760189,0.18045057062398104,0.177905086320353
700,25834,2188,1825,347,16,0.8340950639853748,0.1585923217550274,0.007312614259597806,0.8206477432742904,0.17935225672570962,0.17751799953549585
701,25834,2189,1816,357,16,0.8296025582457743,0.16308816811329374,0.007309273640931932,0.8211851851851852,0.17881481481481482,0.17744058217852443
702,25835,2189,1806,367,16,0.8250342622201918,0.1676564641388762,0.007309273640931932,0.8217513705734183,0.1782486294265817,0.17766595703503
703,25839,2188,1817,356,15,0.8304387568555759,0.16270566727605118,0.006855575868372943,0.8233899058771215,0.17661009412287854,0.1774449475598901
704,25840,2187,1843,329,15,0.8427069044352995,0.15043438500228623,0.006858710562414266,0.8251779359430605,0.1748220640569395,0.1761609907120743
705,25839,2188,1834,336,18,0.8382084095063985,0.15356489945155394,0.008226691042047532,0.8245536045047047,0.17544639549529525,0.1753550834010604
706,25828,2189,1812,352,25,0.8277752398355414,0.16080402010050251,0.011420740063956145,0.824422393364929,0.17557760663507108,0.17508130710856434
707,25834,2190,1783,393,14,0.8141552511415525,0.17945205479452056,0.006392694063926941,0.823102554609404,0.17689744539059607,0.17627932182395292
708,25839,2190,1801,373,16,0.8223744292237443,0.17031963470319636,0.0073059360730593605,0.8232985262534251,0.17670147374657483,0.1766322226092341
709,25835,2189,1822,344,23,0.8323435358611238,0.15714938328003655,0.010507080858839652,0.8248018371731239,0.17519816282687606,0.17619508418811688
710,25834,2188,1791,375,22,0.8185557586837294,0.17138939670932357,0.010054844606946984,0.8254038832073514,0.17459611679264858,0.1772083301076101
711,25843,2190,1838,340,12,0.8392694063926941,0.1552511415525114,0.005479452054794521,0.821917808219178,0.1780821917808219,0.17672096892775607
712,25841,2190,1796,376,18,0.8200913242009132,0.17168949771689498,0.00821917808219178,0.8203419942260715,0.1796580057739285,0.17770210131186873
713,25846,2189,1818,354,17,0.8305162174508908,0.161717679305619,0.0077661032434901784,0.8211640995260664,0.17883590047393366,0.17774510562562873
714,25844,2188,1796,373,19,0.8208409506398537,0.17047531992687387,0.008683729433272395,0.8203703703703704,0.17962962962962964,0.17864881597275964
715,25852,2189,1829,350,10,0.8355413430790315,0.15989036089538602,0.0045682960255824575,0.8213254350240652,0.17867456497593484,0.17836144205477333
716,25848,2189,1822,346,21,0.8323435358611238,0.15806304248515304,0.009593421653723162,0.8185991411224641,0.1814008588775359,0.17811822965026308
717,25848,2190,1812,361,17,0.8273972602739726,0.16484018264840183,0.007762557077625571,0.8176905995558845,0.18230940044411548,0.17846641906530486
718,25847,2190,1785,384,21,0.815068493150685,0.17534246575342466,0.009589041095890411,0.816547028787094,0.1834529712129061,0.17963400007737843
719,25846,2190,1814,354,22,0.828310502283105,0.16164383561643836,0.01004566210045662,0.8191237418590882,0.1808762581409118,0.17956356883076685
720,25857,2189,1842,336,11,0.8414801279122888,0.1534947464595706,0.005025125628140704,0.8206590151795631,0.17934098482043687,0.1788683915380748
721,25857,2190,1814,361,15,0.828310502283105,0.16484018264840183,0.00684931506849315,0.8197424892703863,0.18025751072961374,0.1791391112658081
722,25853,2190,1781,387,22,0.8132420091324201,0.17671232876712328,0.01004566210045662,0.818968706073833,0.18103129392616704,0.18024987428925077
723,25850,2189,1803,364,22,0.8236637734125172,0.16628597533120146,0.010050251256281407,0.8181818181818182,0.18181818181818182,0.18019342359767893
724,25843,2189,1820,345,24,0.8314298766560073,0.1576062128825948,0.0109639104613979,0.820712117847361,0.179287882152639,0.1795457183763495
725,25841,2190,1840,330,20,0.8401826484018264,0.1506849315068493,0.0091324200913242,0.820307874481942,0.17969212551805802,0.17835997058937347
726,25843,2190,1806,369,15,0.8246575342465754,0.1684931506849315,0.00684931506849315,0.8191843682925024,0.1808156317074976,0.17881050961575667
727,25846,2189,1799,374,16,0.8218364550022842,0.1708542713567839,0.007309273640931932,0.8182020142180095,0.18179798578199052,0.17929273388532074
728,25845,2189,1837,334,18,0.8391959798994975,0.1525810872544541,0.008222932846048425,0.8184713375796179,0.18152866242038215,0.17829367382472433
729,25839,2188,1793,376,19,0.8194698354661791,0.17184643510054845,0.008683729433272395,0.8204045343409646,0.17959546565903534,0.17907039746120207
730,25838,2189,1807,360,22,0.8254910918227502,0.16445865692096848,0.010050251256281407,0.8212460182235721,0.17875398177642787,0.17903862528059447
731,25832,2190,1829,339,22,0.8351598173515982,0.1547945205479452,0.01004566210045662,0.8200799644602399,0.1799200355397601,0.1781898420563642
732,25834,2189,1809,366,14,0.8264047510278666,0.16719963453631795,0.006395614435815441,0.8203570634861842,0.17964293651381583,0.17848571649763878
733,25832,2189,1793,376,20,0.8190954773869347,0.1717679305619004,0.009136592051164915,0.8193672668000296,0.18063273319997036,0.17911892226695572
734,25829,2188,1829,338,21,0.8359232175502742,0.15447897623400367,0.009597806215722121,0.8209574625759597,0.1790425374240403,0.1782492547136939
735,25833,2188,1808,365,15,0.8263254113345521,0.16681901279707495,0.006855575868372943,0.8224132819448562,0.17758671805514378,0.17860875624201603
736,25833,2190,1822,350,18,0.8319634703196347,0.1598173515981735,0.00821917808219178,0.8211640995260664,0.17883590047393366,0.17822165447296096
737,25829,2190,1796,374,20,0.8200913242009132,0.17077625570776256,0.0091324200913242,0.8185116623472788,0.1814883376527212,0.17882999728986798
738,25836,2189,1813,358,18,0.8282320694380996,0.163544997715852,0.008222932846048425,0.8203038162282327,0.17969618377176733,0.17870413376683697
739,25830,2188,1837,332,19,0.8395795246800731,0.15173674588665448,0.008683729433272395,0.8208225268618007,0.17917747313819934,0.17766163375919475
740,25825,2188,1786,380,22,0.8162705667276051,0.1736745886654479,0.010054844606946984,0.8201422854602045,0.17985771453979546,0.17866408518877058
741,25826,2189,1788,380,21,0.8168113293741435,0.17359524897213338,0.009593421653723162,0.8200340816477736,0.17996591835222642,0.1795090219158987
742,25829,2189,1805,367,17,0.8245774326176336,0.1676564641388762,0.0077661032434901784,0.82018226272505,0.17981773727494998,0.17979790158349143
743,25831,2189,1830,339,20,0.8359981726815897,0.15486523526724533,0.009136592051164915,0.8208490775727939,0.17915092242720604,0.1791258565289768
744,25831,2189,1771,405,13,0.8090452261306532,0.18501598903608954,0.005938784833257195,0.8196369025565025,0.1803630974434976,0.18094537571135458
745,25836,2188,1808,364,16,0.8263254113345521,0.1663619744058501,0.007312614259597806,0.819178894323403,0.180821105676597,0.18091035764050162
746,25840,2189,1776,396,17,0.8113293741434445,0.18090452261306533,0.0077661032434901784,0.8177037037037037,0.1822962962962963,0.18235294117647058
747,25843,2188,1832,339,17,0.8372943327239488,0.15493601462522852,0.007769652650822669,0.8192056905749852,0.18079430942501482,0.18144178307472042
748,25838,2189,1808,358,23,0.8259479214253084,0.163544997715852,0.010507080858839652,0.8157855767806901,0.18421442321930995,0.18151559718244445
749,25846,2190,1840,336,14,0.8401826484018264,0.15342465753424658,0.006392694063926941,0.8163174650181387,0.18368253498186127,0.18056952719956668
750,25840,2190,1816,352,22,0.8292237442922374,0.16073059360730593,0.01004566210045662,0.8139431616341031,0.18605683836589698,0.18037925696594428
751,25847,2191,1808,366,17,0.8251939753537197,0.16704701049748974,0.007759014148790507,0.8138829275512469,0.18611707244875306,0.18063991952644406
752,25847,2190,1787,384,19,0.8159817351598173,0.17534246575342466,0.008675799086757991,0.8152479644707624,0.1847520355292376,0.1815297713467714
753,25849,2190,1787,382,21,0.8159817351598173,0.17442922374429223,0.009589041095890411,0.8180136175251628,0.18198638247483717,0.1823281364849704
754,25856,2190,1848,327,15,0.8438356164383561,0.14931506849315068,0.00684931506849315,0.8187874750166556,0.18121252498334445,0.18084777227722773
755,25857,2190,1822,355,13,0.8319634703196347,0.16210045662100456,0.005936073059360731,0.8174620791712912,0.18253792082870884,0.1805700583981127
756,25852,2189,1796,371,22,0.8204659661946094,0.16948378254910917,0.010050251256281407,0.8184644998889464,0.18153550011105352,0.18091443602042395
757,25859,2189,1808,370,11,0.8259479214253084,0.16902695294655093,0.005025125628140704,0.817326915957053,0.18267308404294705,0.18094280521288525
758,25855,2188,1782,389,17,0.8144424131627057,0.17778793418647165,0.007769652650822669,0.8215079247518886,0.1784920752481114,0.18174434345387738
759,25849,2189,1812,352,25,0.8277752398355414,0.16080402010050251,0.011420740063956145,0.8207596061301548,0.17924039386984528,0.1810901775697319
760,25849,2190,1823,350,17,0.8324200913242009,0.1598173515981735,0.007762557077625571,0.8198371576609919,0.18016284233900814,0.18047119811211265
761,25854,2190,1823,353,14,0.8324200913242009,0.16118721461187216,0.006392694063926941,0.8178185585318929,0.18218144146810714,0.17993347257677728
762,25847,2191,1798,367,26,0.820629849383843,0.1675034230944774,0.011866727521679598,0.8156065088757396,0.18439349112426034,0.18013695980191125
763,25844,2190,1824,342,24,0.8328767123287671,0.15616438356164383,0.010958904109589041,0.8163718451632004,0.18362815483679965,0.1794613836867358
764,25845,2190,1817,353,20,0.8296803652968037,0.16118721461187216,0.0091324200913242,0.818491376119624,0.18150862388037606,0.17933836331979106
765,25855,2190,1820,360,10,0.8310502283105022,0.1643835616438356,0.0045662100456621,0.8202338661930136,0.1797661338069864,0.1794237091471669
766,25858,2189,1836,344,9,0.8387391502969392,0.15714938328003655,0.004111466423024212,0.8178116671602014,0.18218833283979863,0.17870678320055688
767,25852,2187,1795,374,18,0.8207590306355739,0.17101051668952905,0.00823045267489712,0.8185791540114082,0.18142084598859176,0.17925112177007582
768,25855,2187,1834,341,12,0.838591678097851,0.15592135345221764,0.0054869684499314125,0.8197377194932207,0.18026228050677928,0.17837942370914717
769,25849,2187,1816,353,18,0.8303612254229538,0.16140832190214907,0.00823045267489712,0.8203304438023264,0.17966955619767355,0.17811133892993927
770,25851,2189,1807,365,17,0.8254910918227502,0.1667428049337597,0.0077661032434901784,0.8228541805524698,0.1771458194475302,0.17829097520405401
771,25851,2190,1817,357,16,0.8296803652968037,0.16301369863013698,0.0073059360730593605,0.8214655810510733,0.17853441894892672,0.17805887586553712
772,25848,2190,1827,344,19,0.8342465753424657,0.15707762557077626,0.008675799086757991,0.8220972396951084,0.17790276030489158,0.1773831631073971
773,25850,2189,1820,351,18,0.8314298766560073,0.16034719049794427,0.008222932846048425,0.822153117133126,0.17784688286687397,0.17709864603481626
774,25849,2190,1798,375,17,0.8210045662100457,0.17123287671232876,0.007762557077625571,0.8221580817051509,0.17784191829484902,0.17764710433672481
775,25858,2191,1815,364,12,0.8283888635326335,0.16613418530351437,0.005476951163852123,0.8214232874685604,0.17857671253143956,0.1777012916698894
776,25869,2191,1847,333,11,0.8429940666362392,0.1519853947968964,0.005020538566864446,0.8220282565278497,0.1779717434721503,0.1766979782751556
777,25868,2189,1813,360,16,0.8282320694380996,0.16445865692096848,0.007309273640931932,0.8224672537556427,0.17753274624435728,0.1770527292407608
778,25870,2189,1824,348,17,0.8332571950662403,0.15897670169026953,0.0077661032434901784,0.8204558910597987,0.1795441089402013,0.17676845767298027
779,25863,2189,1828,341,20,0.8350845134764733,0.15577889447236182,0.009136592051164915,0.821040171635718,0.178959828364282,0.17623632215906895
780,25862,2190,1813,360,17,0.8278538812785388,0.1643835616438356,0.007762557077625571,0.8217931646693298,0.17820683533067022,0.1764751372670327
781,25866,2190,1787,392,11,0.8159817351598173,0.17899543378995433,0.00502283105022831,0.8214497041420118,0.17855029585798818,0.1778782958323668
782,25875,2189,1855,327,7,0.8474189127455459,0.14938328003654636,0.0031978072179077205,0.8224326723882806,0.17756732761171945,0.17665700483091787
783,25869,2188,1799,369,20,0.8222120658135283,0.1686471663619744,0.009140767824497258,0.8232812846888182,0.17671871531118183,0.1773937917971317
784,25866,2189,1833,336,20,0.8373686614892645,0.1534947464595706,0.009136592051164915,0.8222978471554339,0.1777021528445661,0.1766024897548906
785,25865,2191,1809,364,18,0.8256503879507074,0.16613418530351437,0.008215426745778184,0.8197678716640793,0.18023212833592075,0.17699594046008119
786,25862,2191,1850,317,24,0.8443633044272022,0.14468279324509356,0.010953902327704245,0.8228119455943229,0.17718805440567711,0.17550846802258138
787,25858,2191,1812,362,17,0.8270196257416704,0.16522136010953903,0.007759014148790507,0.8223504178685008,0.17764958213149915,0.1758449996132725
788,25863,2189,1806,369,14,0.8250342622201918,0.16857012334399268,0.006395614435815441,0.8223669602546073,0.17763303974539266,0.17639098325793603
789,25872,2189,1837,344,8,0.8391959798994975,0.15714938328003655,0.003654636820465966,0.8220100651272942,0.17798993487270573,0.17590445269016697
790,25856,2188,1795,365,28,0.8203839122486288,0.16681901279707495,0.012797074954296161,0.8239692057147087,0.17603079428529128,0.17640006188118812
791,25857,2190,1825,347,18,0.8333333333333334,0.15844748858447488,0.00821917808219178,0.8228981645944345,0.17710183540556543,0.1760064972734656
792,25848,2190,1822,348,20,0.8319634703196347,0.1589041095890411,0.0091324200913242,0.8224195338512763,0.17758046614872364,0.17575827917053544
793,25846,2190,1823,346,21,0.8324200913242009,0.15799086757990868,0.009589041095890411,0.8251184132622854,0.17488158673771462,0.1755010446490753
794,25842,2188,1844,324,20,0.8427787934186471,0.1480804387568556,0.009140767824497258,0.8226798014961855,0.17732019850381453,0.1744060057271109
795,25834,2189,1821,346,22,0.8318867062585655,0.15806304248515304,0.010050251256281407,0.8238909871880323,0.17610901281196772,0.1743438878996671
796,25841,2190,1804,373,13,0.8237442922374429,0.17031963470319636,0.005936073059360731,0.8232244686365993,0.1767755313634007,0.17514802058743856
797,25842,2189,1821,352,16,0.8318867062585655,0.16080402010050251,0.007309273640931932,0.8241481481481482,0.17585185185185184,0.17502515285194645
798,25836,2188,1782,389,17,0.8144424131627057,0.17778793418647165,0.007769652650822669,0.824061041558634,0.17593895844136603,0.17638179284718997
799,25842,2188,1797,376,15,0.8212979890310786,0.17184643510054845,0.006855575868372943,0.8249332938037356,0.17506670619626447,0.1771534710935686
800,25834,2188,1807,360,21,0.8258683729433273,0.16453382084095064,0.009597806215722121,0.8244535012967766,0.17554649870322342,0.17740187350003872
801,25841,2187,1826,348,13,0.83493369913123,0.15912208504801098,0.00594421582075903,0.8240527915770742,0.17594720842292577,0.17723772299833598
802,25836,2188,1845,324,19,0.843235831809872,0.1480804387568556,0.008683729433272395,0.8224049788841965,0.17759502111580353,0.17618826443721938
803,25838,2189,1812,363,14,0.8277752398355414,0.1658291457286432,0.006395614435815441,0.8206058810458484,0.17939411895415155,0.1766777614366437
804,25852,2189,1838,344,7,0.8396528095020558,0.15714938328003655,0.0031978072179077205,0.8198785365131092,0.18012146348689084,0.17627262881015007
805,25851,2189,1847,327,15,0.84376427592508,0.14938328003654636,0.006852444038373686,0.8199318821264623,0.1800681178735377,0.17538973347259293
806,25854,2189,1824,353,12,0.8332571950662403,0.16126084970306076,0.00548195523069895,0.8201406886338393,0.17985931136616068,0.1754467393826874
807,25855,2190,1810,365,15,0.8264840182648402,0.16666666666666666,0.00684931506849315,0.8192717584369449,0.18072824156305506,0.17594275768710113
808,25860,2190,1795,381,14,0.819634703196347,0.17397260273972603,0.006392694063926941,0.8210744413201124,0.17892555867988752,0.17699149265274555
809,25864,2189,1819,353,17,0.8309730470534491,0.16126084970306076,0.0077661032434901784,0.822837267816177,0.17716273218382297,0.17700278379214351
810,25866,2190,1835,337,18,0.8378995433789954,0.15388127853881278,0.00821917808219178,0.8248002367564368,0.17519976324356318,0.17644784659398438
811,25868,2190,1830,346,14,0.8356164383561644,0.15799086757990868,0.006392694063926941,0.825331064585337,0.17466893541466302,0.17612494201329829
812,25865,2191,1829,342,20,0.834778639890461,0.1560931081697855,0.009128251939753538,0.8239426205264715,0.17605737947352854,0.17560409820220374
813,25862,2191,1793,377,21,0.8183477863989046,0.17206754906435417,0.009584664536741214,0.8235598609775937,0.17644013902240627,0.17635913695769856
814,25869,2191,1815,361,15,0.8283888635326335,0.16476494751255136,0.006846188954815153,0.8231292517006803,0.17687074829931973,0.17631141520739108
815,25872,2191,1834,342,15,0.8370607028753994,0.1560931081697855,0.006846188954815153,0.8240295748613679,0.17597042513863217,0.17567254174397032
816,25861,2189,1806,357,26,0.8250342622201918,0.16308816811329374,0.01187756966651439,0.824060372891388,0.17593962710861202,0.17586326901511928
817,25862,2190,1817,356,17,0.8296803652968037,0.16255707762557078,0.007762557077625571,0.8209661907227935,0.17903380927720647,0.17593380249013998
818,25853,2190,1778,389,23,0.8118721461187215,0.1776255707762557,0.010502283105022832,0.8205962861581712,0.17940371384182882,0.17742621746025605
819,25858,2190,1788,385,17,0.8164383561643835,0.17579908675799086,0.007762557077625571,0.8219887540692512,0.17801124593074874,0.17866811044937736
820,25858,2188,1832,338,18,0.8372943327239488,0.15447897623400367,0.008226691042047532,0.8231635071090048,0.17683649289099526,0.17816536468404362
821,25849,2188,1831,336,21,0.8368372943327239,0.15356489945155394,0.009597806215722121,0.8230285079600148,0.1769714920399852,0.17768579055282602
822,25846,2189,1814,358,17,0.8286888990406578,0.163544997715852,0.0077661032434901784,0.819709758625796,0.18029024137420405,0.17793855915809023
823,25846,2190,1827,346,17,0.8342465753424657,0.15799086757990868,0.007762557077625571,0.8172329558072396,0.18276704419276038,0.17759034279965952
824,25837,2190,1796,372,22,0.8200913242009132,0.16986301369863013,0.01004566210045662,0.817737636955878,0.182262363044122,0.1782327669621086
825,25840,2189,1810,362,17,0.8268615806304248,0.16537231612608497,0.0077661032434901784,0.8202488520219227,0.1797511479780773,0.1784829721362229
826,25841,2189,1802,372,15,0.8232069438099588,0.16994061215166742,0.006852444038373686,0.8203570634861842,0.17964293651381583,0.1791339344452614
827,25839,2188,1814,356,18,0.8290676416819013,0.16270566727605118,0.008226691042047532,0.8202430349733254,0.17975696502667457,0.17907039746120207
828,25837,2189,1791,379,19,0.8181818181818182,0.17313841936957514,0.00867976244860667,0.8193333333333334,0.18066666666666667,0.1799744552386113
829,25836,2189,1811,359,19,0.8273184102329831,0.16400182731841023,0.00867976244860667,0.8190504407080957,0.18094955929190432,0.1799427155906487
830,25849,2190,1823,359,8,0.8324200913242009,0.1639269406392694,0.0036529680365296802,0.8199318821264623,0.1800681178735377,0.17992959108669582
831,25841,2188,1794,371,23,0.819926873857404,0.16956124314442414,0.010511882998171846,0.8216032004741444,0.1783967995258557,0.1804496730002709
832,25832,2189,1799,363,27,0.8218364550022842,0.1658291457286432,0.012334399269072635,0.8191245092956078,0.18087549070439227,0.18047383090740168
833,25839,2190,1779,397,14,0.8123287671232877,0.18127853881278538,0.006392694063926941,0.8179192891521658,0.18208071084783414,0.18177948063005533
834,25853,2191,1818,361,12,0.8297581013235965,0.16476494751255136,0.005476951163852123,0.8179800221975583,0.18201997780244172,0.18160368235794686
835,25855,2190,1798,374,18,0.8210045662100457,0.17077625570776256,0.00821917808219178,0.8163990231628802,0.18360097683711982,0.18209243859988397
836,25856,2189,1819,351,19,0.8309730470534491,0.16034719049794427,0.00867976244860667,0.8168221531171331,0.18317784688286687,0.18169863861386137
837,25859,2189,1824,353,12,0.8332571950662403,0.16126084970306076,0.00548195523069895,0.814669528532307,0.185330471467693,0.18152287404772033
838,25861,2189,1817,358,14,0.8300593878483326,0.163544997715852,0.006395614435815441,0.8153629837933841,0.18463701620661585,0.1815088356985422
839,25865,2190,1808,368,14,0.8255707762557077,0.1680365296803653,0.006392694063926941,0.8142614098675938,0.18573859013240623,0.18175140150782912
840,25867,2189,1812,363,14,0.8277752398355414,0.1658291457286432,0.006395614435815441,0.8159822419533851,0.18401775804661488,0.1817760080411335
841,25876,2190,1836,344,10,0.8383561643835616,0.15707762557077626,0.0045662100456621,0.8164805089133812,0.18351949108661883,0.18097851290771372
842,25869,2189,1792,375,22,0.8186386477843764,0.17131110095934216,0.010050251256281407,0.8165741768405476,0.18342582315945247,0.18149136031543547
843,25865,2190,1767,400,23,0.8068493150684931,0.182648401826484,0.010502283105022832,0.8168305849293795,0.18316941507062043,0.1827952832012372
844,25861,2192,1798,367,27,0.8202554744525548,0.16742700729927007,0.012317518248175183,0.8170127854556204,0.18298721454437958,0.18266888364719075
845,25865,2192,1798,375,19,0.8202554744525548,0.17107664233576642,0.008667883211678832,0.8201773835920178,0.17982261640798225,0.18302725691088342
846,25873,2191,1823,356,12,0.8320401643085349,0.16248288452761298,0.005476951163852123,0.819122975671079,0.1808770243289211,0.18250686043365671
847,25863,2190,1793,374,23,0.8187214611872146,0.17077625570776256,0.010502283105022832,0.8172472450262555,0.18275275497374455,0.182809418860921
848,25859,2190,1793,372,25,0.8187214611872146,0.16986301369863013,0.01141552511415525,0.8163053932085522,0.1836946067914478,0.18295371050698017
849,25853,2190,1804,365,21,0.8237442922374429,0.16666666666666666,0.009589041095890411,0.8150340337377923,0.18496596626220776,0.18276408927397209
850,25857,2191,1818,356,17,0.8297581013235965,0.16248288452761298,0.007759014148790507,0.8154176222534586,0.1845823777465414,0.1823490737517887
851,25856,2190,1782,391,17,0.8136986301369863,0.17853881278538813,0.007762557077625571,0.8148449641086362,0.18515503589136387,0.18343904702970298
852,25855,2189,1813,359,17,0.8282320694380996,0.16400182731841023,0.0077661032434901784,0.814170430147331,0.185829569852669,0.18317540127634888
853,25856,2187,1783,391,13,0.8152720621856424,0.17878372199359854,0.00594421582075903,0.8130834197658913,0.18691658023410876,0.18421256188118812
854,25853,2188,1807,359,22,0.8258683729433273,0.1640767824497258,0.010054844606946984,0.8145322568698615,0.1854677431301385,0.18404053688159983
855,25854,2189,1811,362,16,0.8273184102329831,0.16537231612608497,0.007309273640931932,0.814749000444247,0.185250999555753,0.18399473969211727
856,25850,2189,1838,331,20,0.8396528095020558,0.15121059844677937,0.009136592051164915,0.8152479644707624,0.1847520355292376,0.18266924564796905
857,25844,2190,1782,385,23,0.8136986301369863,0.17579908675799086,0.010502283105022832,0.8141789387996744,0.1858210612003256,0.18352422225661663
858,25845,2190,1798,369,23,0.8210045662100457,0.1684931506849315,0.010502283105022832,0.8139483230917303,0.1860516769082698,0.18351712130005804
859,25845,2190,1810,361,19,0.8264840182648402,0.16484018264840183,0.008675799086757991,0.8147435422988676,0.18525645770113242,0.18313019926484814
860,25832,2190,1772,388,30,0.8091324200913242,0.1771689497716895,0.0136986301369863,0.8173945225758698,0.18260547742413027,0.18391917002167854
861,25833,2191,1771,398,22,0.8083067092651757,0.1816522136010954,0.010041077133728891,0.8159881569207994,0.1840118430792006,0.1848410947238029
862,25832,2190,1795,373,22,0.819634703196347,0.17031963470319636,0.01004566210045662,0.8152536097741577,0.18474639022584227,0.18477082688138743
863,25841,2190,1816,361,13,0.8292237442922374,0.16484018264840183,0.005936073059360731,0.8170641386461265,0.1829358613538735,0.18443558685809372
864,25836,2188,1822,346,20,0.8327239488117002,0.15813528336380256,0.009140767824497258,0.815130409010077,0.18486959098992295,0.1836197553800898
865,25835,2188,1784,387,17,0.8153564899451554,0.17687385740402195,0.007769652650822669,0.8143619386393953,0.1856380613606047,0.1843622992065028
866,25831,2189,1771,393,25,0.8090452261306532,0.1795340338053906,0.011420740063956145,0.8135141142476106,0.18648588575238942,0.18524253803569354
867,25837,2190,1860,312,18,0.8493150684931506,0.14246575342465753,0.00821917808219178,0.813643433819717,0.18635656618028293,0.18299338158454928
868,25830,2189,1774,391,24,0.810415714938328,0.1786203746002741,0.0109639104613979,0.8129768165321087,0.18702318346789126,0.18416569879984515
869,25845,2190,1809,369,12,0.826027397260274,0.1684931506849315,0.005479452054794521,0.8128702606635071,0.18712973933649288,0.1840588121493519
870,25842,2189,1778,392,19,0.812243033348561,0.17907720420283235,0.00867976244860667,0.8112550907071455,0.1887449092928545,0.1850089002399195
871,25844,2189,1819,351,19,0.8309730470534491,0.16034719049794427,0.00867976244860667,0.8146200562879573,0.18537994371204267,0.18433678997059277
872,25837,2189,1802,362,25,0.8232069438099588,0.16537231612608497,0.011420740063956145,0.8142910033320993,0.18570899666790078,0.18430932383790688
873,25844,2190,1804,374,12,0.8237442922374429,0.17077625570776256,0.005479452054794521,0.8159609120521173,0.18403908794788273,0.1843754836712583
874,25844,2190,1818,353,19,0.8301369863013699,0.16118721461187216,0.008675799086757991,0.8147901399067289,0.18520986009327114,0.18367899705927876
875,25840,2189,1797,368,24,0.8209227957971676,0.16811329374143444,0.0109639104613979,0.8154484188698807,0.18455158113011924,0.18363003095975233
876,25845,2190,1798,378,14,0.8210045662100457,0.1726027397260274,0.006392694063926941,0.8145871899296557,0.18541281007034432,0.183710582317663
877,25848,2190,1789,382,19,0.8168949771689498,0.17442922374429223,0.008675799086757991,0.815382337700792,0.18461766229920792,0.18403744970597338
878,25850,2190,1845,327,18,0.8424657534246576,0.14931506849315068,0.00821917808219178,0.8176905995558845,0.18230940044411548,0.18220502901353966
879,25846,2189,1809,362,18,0.8264047510278666,0.16537231612608497,0.008222932846048425,0.8146612365790448,0.1853387634209552,0.1821171554592587
880,25843,2190,1823,346,21,0.8324200913242009,0.15799086757990868,0.009589041095890411,0.8154233274126702,0.1845766725873298,0.18128700228301667
881,25835,2190,1801,365,24,0.8223744292237443,0.16666666666666666,0.010958904109589041,0.8145406085733323,0.18545939142666765,0.18130443197213084
882,25833,2190,1797,370,23,0.8205479452054795,0.1689497716894977,0.010502283105022832,0.8184847811597423,0.18151521884025773,0.18139588897921263
883,25831,2190,1808,361,21,0.8255707762557077,0.16484018264840183,0.009589041095890411,0.8179192891521658,0.18208071084783414,0.18117765475591344
884,25836,2190,1794,381,15,0.8191780821917808,0.17397260273972603,0.00684931506849315,0.8189827496853483,0.18101725031465166,0.18172317696237808
885,25845,2189,1835,342,12,0.838282320694381,0.15623572407492006,0.00548195523069895,0.8193065639353978,0.18069343606460217,0.18065389823950473
886,25851,2188,1803,377,8,0.8240402193784278,0.1723034734917733,0.003656307129798903,0.8182693732404801,0.18173062675951993,0.18107616726625664
887,25850,2188,1808,361,19,0.8263254113345521,0.1649908592321755,0.008683729433272395,0.8186666666666667,0.18133333333333335,0.18081237911025144
888,25855,2188,1818,357,13,0.8308957952468007,0.16316270566727606,0.005941499085923218,0.8183097548329753,0.18169024516702467,0.18050667182363178
889,25854,2188,1822,351,15,0.8327239488117002,0.16042047531992687,0.006855575868372943,0.8207407407407408,0.17925925925925926,0.1799721513112091
890,25854,2190,1812,358,20,0.8273972602739726,0.1634703196347032,0.0091324200913242,0.8179261342609725,0.18207386573902745,0.17977875763905005
891,25854,2189,1791,381,17,0.8181818181818182,0.17405207857469163,0.0077661032434901784,0.8178991783255607,0.18210082167443925,0.1804749748588226
892,25858,2190,1780,392,18,0.8127853881278538,0.17899543378995433,0.00821917808219178,0.8174620791712912,0.18253792082870884,0.1816072395390208
893,25863,2191,1801,371,19,0.8219990871748061,0.16932907348242812,0.00867183934276586,0.8183431952662722,0.1816568047337278,0.1818041217182848
894,25869,2191,1805,370,16,0.8238247375627568,0.16887266088544045,0.00730260155180283,0.8190356456145541,0.18096435438544595,0.18214851753063513
895,25867,2191,1824,345,22,0.8324965769055226,0.1574623459607485,0.010041077133728891,0.8177718636800473,0.1822281363199527,0.1815440522673677
896,25869,2191,1829,347,15,0.834778639890461,0.15837517115472388,0.006846188954815153,0.8168576709796673,0.18314232902033273,0.18102748463411805
897,25859,2190,1799,365,26,0.8214611872146119,0.16666666666666666,0.011872146118721462,0.8152037269836575,0.18479627301634252,0.18125217525813064
898,25855,2190,1818,351,21,0.8301369863013699,0.16027397260273973,0.009589041095890411,0.8155928692950662,0.1844071307049338,0.18073873525430284
899,25856,2190,1831,342,17,0.8360730593607306,0.15616438356164383,0.007762557077625571,0.8166950344113076,0.18330496558869236,0.17999690594059406
900,25865,2190,1817,366,7,0.8296803652968037,0.16712328767123288,0.0031963470319634705,0.8173005771792216,0.18269942282077845,0.18005026097042334
901,25865,2189,1809,366,14,0.8264047510278666,0.16719963453631795,0.006395614435815441,0.8165062916358253,0.1834937083641747,0.18016624782524648
902,25861,2188,1779,392,17,0.8130712979890311,0.17915904936014626,0.007769652650822669,0.8170713651169678,0.18292863488303227,0.18131549437376746
903,25849,2188,1825,334,29,0.8340950639853748,0.1526508226691042,0.013254113345521023,0.8194609004739336,0.18053909952606634,0.18016170838330303
904,25850,2190,1795,377,18,0.819634703196347,0.17214611872146118,0.00821917808219178,0.8209606986899564,0.17903930131004367,0.18081237911025144
905,25842,2190,1841,324,25,0.8406392694063927,0.14794520547945206,0.01141552511415525,0.8212699822380106,0.17873001776198935,0.17920439594458634
906,25840,2190,1816,359,15,0.8292237442922374,0.1639269406392694,0.00684931506849315,0.8196891191709844,0.18031088082901556,0.17910216718266253
907,25844,2189,1798,375,16,0.8213796253997259,0.17131110095934216,0.007309273640931932,0.8203836752833124,0.17961632471668765,0.17942268998607028
908,25847,2189,1800,377,12,0.8222932846048424,0.17222476016445865,0.00548195523069895,0.8186194637831432,0.18138053621685676,0.17975006770611676
909,25845,2188,1782,390,16,0.8144424131627057,0.17824497257769653,0.007312614259597806,0.8210978591006741,0.17890214089932588,0.18065389823950473
910,25856,2189,1817,363,9,0.8300593878483326,0.1658291457286432,0.004111466423024212,0.820706509664519,0.179293490335481,0.18053836633663367
911,25853,2189,1806,364,19,0.8250342622201918,0.16628597533120146,0.00867976244860667,0.8186866069445473,0.18131339305545272,0.18071403705566086
912,25852,2189,1794,373,22,0.8195523069894929,0.17039744175422566,0.010050251256281407,0.8179192891521658,0.18208071084783414,0.18133993501469906
913,25854,2189,1811,360,18,0.8273184102329831,0.16445865692096848,0.008222932846048425,0.8162298237820228,0.1837701762179772,0.18144194321961785
914,25856,2190,1801,370,19,0.8223744292237443,0.1689497716894977,0.008675799086757991,0.8178656009473061,0.1821343990526939,0.18189201732673269
915,25855,2191,1816,350,25,0.8288452761296212,0.1597444089456869,0.011410314924691922,0.8163868963987281,0.18361310360127192,0.18155095726165152
916,25860,2191,1802,374,15,0.8224554997717937,0.17069831127339113,0.006846188954815153,0.8164065389451882,0.18359346105481175,0.1820572312451663
917,25867,2191,1827,351,13,0.8338658146964856,0.16020082154267457,0.005933363760839799,0.8145656192236599,0.1854343807763401,0.18150539297174006
918,25864,2191,1794,379,18,0.8188041989958923,0.17298037425832952,0.008215426745778184,0.8139603667553978,0.18603963324460218,0.1821450665017012
919,25860,2189,1805,360,24,0.8245774326176336,0.16445865692096848,0.0109639104613979,0.8155246411129199,0.18447535888708005,0.1819798917246713
920,25858,2190,1795,375,20,0.819634703196347,0.17123287671232876,0.0091324200913242,0.8156726357851117,0.18432736421488827,0.18249671281614974
921,25860,2190,1806,366,18,0.8246575342465754,0.16712328767123288,0.00821917808219178,0.8179934891979875,0.18200651080201244,0.18259860788863108
922,25861,2190,1811,360,19,0.8269406392694064,0.1643835616438356,0.008675799086757991,0.8169305904987421,0.18306940950125797,0.18243687405746103
923,25861,2189,1835,340,14,0.838282320694381,0.15532206486980357,0.006395614435815441,0.8171589310829818,0.1828410689170183,0.18139283090367736
924,25858,2189,1792,382,15,0.8186386477843764,0.1745089081772499,0.006852444038373686,0.8169504071058475,0.18304959289415249,0.18207131255317505
925,25852,2189,1794,372,23,0.8195523069894929,0.16994061215166742,0.010507080858839652,0.8166679002294427,0.1833320997705573,0.18215225127649698
926,25855,2189,1815,358,16,0.8291457286432161,0.163544997715852,0.007309273640931932,0.8172329558072396,0.18276704419276038,0.18166698897698705
927,25851,2190,1787,381,22,0.8159817351598173,0.17397260273972603,0.01004566210045662,0.8180674755844924,0.18193252441550756,0.1822753471819272
928,25853,2191,1862,311,18,0.8498402555910544,0.1419443176631675,0.008215426745778184,0.8173411259894947,0.1826588740105053,0.18005647313657988
929,25847,2190,1825,346,19,0.8333333333333334,0.15799086757990868,0.008675799086757991,0.8160017763303975,0.18399822366960256,0.17955662165821953
930,25847,2189,1824,348,17,0.8332571950662403,0.15897670169026953,0.0077661032434901784,0.8173539646109425,0.18264603538905752,0.1790536619336867
931,25846,2190,1834,338,18,0.8374429223744292,0.154337899543379,0.00821917808219178,0.8160485602191132,0.18395143978088682,0.17817070339704402
932,25842,2189,1825,345,19,0.8337140246687985,0.1576062128825948,0.00867976244860667,0.8200666419844502,0.1799333580155498,0.1775404380465908
933,25835,2189,1808,357,24,0.8259479214253084,0.16308816811329374,0.0109639104613979,0.8211640995260664,0.17883590047393366,0.17743371395393845
934,25837,2190,1819,353,18,0.8305936073059361,0.16118721461187216,0.00821917808219178,0.8219046208530806,0.17809537914691942,0.17711034562836242
935,25844,2189,1856,322,11,0.8478757423481041,0.14709913202375513,0.005025125628140704,0.8221744926677529,0.17782550733224708,0.17555331991951711
936,25840,2188,1796,375,17,0.8208409506398537,0.17138939670932357,0.007769652650822669,0.8243052982586143,0.1756947017413857,0.17623839009287925
937,25837,2187,1813,357,17,0.828989483310471,0.16323731138545952,0.007773205304069501,0.8250815297954344,0.17491847020456566,0.17598792429461624
938,25827,2187,1808,356,23,0.8267032464563329,0.1627800640146319,0.010516689529035207,0.8252909346972055,0.17470906530279445,0.17586246950865372
939,25834,2189,1828,352,9,0.8350845134764733,0.16080402010050251,0.004111466423024212,0.8288001185800045,0.17119988141999556,0.1754664395757529
940,25831,2189,1823,348,18,0.8328003654636821,0.15897670169026953,0.008222932846048425,0.824998147736534,0.17500185226346596,0.1750609732491967
941,25833,2189,1820,353,16,0.8314298766560073,0.16126084970306076,0.007309273640931932,0.8243313328887901,0.1756686671112099,0.1748538690821817
942,25836,2188,1834,338,16,0.8382084095063985,0.15447897623400367,0.007312614259597806,0.8238215238659946,0.17617847613400534,0.17425298033751355
943,25840,2189,1837,338,14,0.8391959798994975,0.15440840566468708,0.006395614435815441,0.823037037037037,0.17696296296296296,0.17372291021671826
944,25839,2189,1819,352,18,0.8309730470534491,0.16080402010050251,0.008222932846048425,0.8229282381692957,0.17707176183070428,0.1739618406285073
945,25838,2190,1833,338,19,0.836986301369863,0.154337899543379,0.008675799086757991,0.8230809090236139,0.1769190909763861,0.17362024924529762
946,25836,2190,1819,351,20,0.8305936073059361,0.16027397260273973,0.0091324200913242,0.8240302043233639,0.17596979567663606,0.17386592351757238
947,25842,2190,1809,365,16,0.826027397260274,0.16666666666666666,0.0073059360730593605,0.8233508551121641,0.17664914488783592,0.1745607925083198
948,25845,2189,1813,363,13,0.8282320694380996,0.1658291457286432,0.005938784833257195,0.8247056209731171,0.1752943790268829,0.17496614432191912
949,25848,2189,1847,330,12,0.84376427592508,0.1507537688442211,0.00548195523069895,0.8258905428423313,0.17410945715766868,0.1741333952336738
950,25850,2189,1835,340,14,0.838282320694381,0.15532206486980357,0.006395614435815441,0.8261384672343577,0.17386153276564237,0.17377176015473889
951,25853,2188,1813,362,13,0.8286106032906764,0.16544789762340037,0.005941499085923218,0.8252851429417865,0.1747148570582136,0.17433179901752213
952,25858,2189,1821,354,14,0.8318867062585655,0.161717679305619,0.006395614435815441,0.8243133190197676,0.17568668098023246,0.17437543506845077
953,25856,2189,1855,318,16,0.8474189127455459,0.14527181361352215,0.007309273640931932,0.8258198238211563,0.17418017617884374,0.17299659653465346
954,25854,2189,1818,356,15,0.8305162174508908,0.1626313385107355,0.006852444038373686,0.8257586972612879,0.17424130273871208,0.17328073025450608
955,25856,2190,1809,365,16,0.826027397260274,0.16666666666666666,0.0073059360730593605,0.8242303137951451,0.17576968620485495,0.17377011138613863
956,25863,2190,1826,352,12,0.8337899543378996,0.16073059360730593,0.005479452054794521,0.8241953385127636,0.1758046614872364,0.17387774040134554
957,25865,2190,1817,358,15,0.8296803652968037,0.1634703196347032,0.00684931506849315,0.8254661142349807,0.17453388576501924,0.17425091822926736
958,25872,2190,1837,341,12,0.8388127853881279,0.15570776255707763,0.005479452054794521,0.825282935128338,0.1747170648716621,0.17393320964749537
959,25863,2190,1843,323,24,0.8415525114155251,0.14748858447488583,0.010958904109589041,0.8251479289940828,0.17485207100591715,0.17310443490701002
960,25869,2190,1810,367,13,0.8264840182648402,0.16757990867579908,0.005936073059360731,0.8257525330966644,0.17424746690333556,0.1739533804940276
961,25878,2190,1830,349,11,0.8356164383561644,0.1593607305936073,0.00502283105022831,0.8240644875018488,0.17593551249815115,0.17393152484736069
962,25881,2190,1840,338,12,0.8401826484018264,0.154337899543379,0.005479452054794521,0.8241165163389028,0.17588348366109716,0.1734863413314787
963,25875,2189,1802,368,19,0.8232069438099588,0.16811329374143444,0.00867976244860667,0.8262928164533551,0.17370718354664497,0.17422222222222222
964,25874,2190,1829,345,16,0.8351598173515982,0.15753424657534246,0.0073059360730593605,0.8253956515308386,0.17460434846916137,0.17388111617840302
965,25859,2190,1835,326,29,0.8378995433789954,0.14885844748858448,0.013242009132420091,0.8239426205264715,0.17605737947352854,0.1730151978034727
966,25860,2191,1824,352,15,0.8324965769055226,0.16065723413966226,0.006846188954815153,0.8251386321626617,0.17486136783733827,0.17324052590873937
967,25853,2191,1812,355,24,0.8270196257416704,0.16202647193062528,0.010953902327704245,0.8246820467317362,0.17531795326826383,0.17359687463737283
968,25860,2191,1822,356,13,0.8315837517115472,0.16248288452761298,0.005933363760839799,0.8250739644970414,0.17492603550295857,0.17389791183294664
969,25856,2188,1835,336,17,0.8386654478976234,0.15356489945155394,0.007769652650822669,0.8268305323165765,0.17316946768342342,0.17338335396039603
970,25850,2188,1814,358,16,0.8290676416819013,0.1636197440585009,0.007312614259597806,0.8262125138837467,0.17378748611625325,0.1736943907156673
971,25845,2188,1821,346,21,0.8322669104204753,0.15813528336380256,0.009597806215722121,0.8245575057394653,0.1754424942605347,0.17365060940220545
972,25841,2189,1803,367,19,0.8236637734125172,0.1676564641388762,0.00867976244860667,0.8250277674935209,0.1749722325064791,0.17441275492434502
973,25837,2188,1811,357,20,0.8276965265082267,0.16316270566727606,0.009140767824497258,0.8256907919105119,0.1743092080894881,0.17467198204125867
974,25833,2188,1838,332,18,0.840036563071298,0.15173674588665448,0.008226691042047532,0.8245276028158577,0.1754723971841423,0.17404095536716602
975,25830,2188,1821,351,16,0.8322669104204753,0.16042047531992687,0.007312614259597806,0.8255874286561411,0.17441257134385887,0.17425474254742548
976,25829,2188,1819,353,16,0.8313528336380256,0.1613345521023766,0.007312614259597806,0.8241660489251297,0.17583395107487026,0.17445506988269
977,25822,2189,1790,378,21,0.8177249885792599,0.1726815897670169,0.009593421653723162,0.8225400118553645,0.17745998814463546,0.17550925567345674
978,25825,2189,1827,346,16,0.8346276838739151,0.15806304248515304,0.007309273640931932,0.8238825883922615,0.1761174116077385,0.17529525653436592
979,25828,2189,1809,368,12,0.8264047510278666,0.16811329374143444,0.00548195523069895,0.8240829937013708,0.1759170062986291,0.17597181353569769
980,25834,2188,1818,356,14,0.8308957952468007,0.16270566727605118,0.006398537477148081,0.8241179958493923,0.17588200415060776,0.1762019044669815
981,25833,2188,1837,333,18,0.8395795246800731,0.15219378427787933,0.008226691042047532,0.821537093307641,0.178462906692359,0.17558936244338635
982,25835,2188,1782,391,15,0.8144424131627057,0.17870201096892138,0.006855575868372943,0.8222304557243424,0.17776954427565764,0.1772014708728469
983,25840,2190,1807,364,19,0.8251141552511415,0.16621004566210046,0.008675799086757991,0.8210900473933649,0.17890995260663506,0.17763157894736842
984,25846,2190,1835,339,16,0.8378995433789954,0.1547945205479452,0.0073059360730593605,0.8217220700377582,0.1782779299622418,0.1771260543217519
985,25850,2189,1853,323,13,0.8465052535404294,0.14755596162631338,0.005938784833257195,0.823176601258793,0.17682339874120695,0.17609284332688588
986,25851,2190,1804,368,18,0.8237442922374429,0.1680365296803653,0.00821917808219178,0.8195677915926584,0.18043220840734162,0.17685969594986653
987,25856,2190,1785,390,15,0.815068493150685,0.1780821917808219,0.00684931506849315,0.8187805239011395,0.18121947609886044,0.1781404702970297
988,25865,2190,1839,336,15,0.8397260273972603,0.15342465753424658,0.00684931506849315,0.819890483942578,0.18010951605742193,0.1773825633094916
989,25871,2190,1822,357,11,0.8319634703196347,0.16301369863013698,0.00502283105022831,0.8231247225920995,0.17687527740790057,0.1774960380348653
990,25873,2190,1800,375,15,0.821917808219178,0.17123287671232876,0.00684931506849315,0.8218063466232709,0.17819365337672904,0.17825532408302092
991,25877,2189,1797,380,12,0.8209227957971676,0.17359524897213338,0.00548195523069895,0.8202529772912198,0.17974702270878024,0.17903930131004367
992,25882,2189,1802,373,14,0.8232069438099588,0.17039744175422566,0.006395614435815441,0.821645213789022,0.17835478621097794,0.17958426705818717
993,25890,2190,1800,376,14,0.821917808219178,0.17168949771689498,0.006392694063926941,0.8205545286506469,0.17944547134935304,0.18030127462340673
994,25894,2190,1828,349,13,0.8347031963470319,0.1593607305936073,0.005936073059360731,0.8211382113821138,0.17886178861788618,0.1798099945933421
995,25884,2190,1783,385,22,0.8141552511415525,0.17579908675799086,0.01004566210045662,0.8200088665582976,0.17999113344170237,0.18088394374903416
996,25883,2191,1789,382,20,0.8165221360109539,0.17434961204929256,0.009128251939753538,0.8181012190616919,0.18189878093830808,0.1815863694316733
997,25887,2192,1815,361,16,0.8280109489051095,0.1646897810218978,0.0072992700729927005,0.8153209721504026,0.1846790278495974,0.18159694054931047
998,25885,2192,1829,341,22,0.8343978102189781,0.15556569343065693,0.010036496350364963,0.8165903383069877,0.18340966169301226,0.18099285300367007
999,25881,2191,1800,370,21,0.8215426745778184,0.16887266088544045,0.009584664536741214,0.8164622432392493,0.1835377567607507,0.18152312507244697
1000,25879,2191,1792,378,21,0.8178913738019169,0.17252396166134185,0.009584664536741214,0.813654499778336,0.18634550022166396,0.18230998106572896
1001,25871,2191,1802,362,27,0.8224554997717937,0.16522136010953903,0.012323140118667275,0.8135067238067091,0.18649327619329098,0.182405009470063
1002,25885,2191,1783,399,9,0.8137836604290278,0.18210862619808307,0.004107713372889092,0.8155677114133649,0.18443228858663513,0.18392891636082673
1003,25882,2189,1834,335,20,0.8378254910918228,0.15303791685701235,0.009136592051164915,0.816003549770744,0.18399645022925604,0.1827911289699405
1004,25870,2189,1804,360,25,0.8241206030150754,0.16445865692096848,0.011420740063956145,0.8155792276964048,0.18442077230359522,0.18279860842674914
1005,25863,2188,1807,360,21,0.8258683729433273,0.16453382084095064,0.009597806215722121,0.8162570328694108,0.18374296713058927,0.18261609248733712
1006,25855,2190,1808,362,20,0.8255707762557077,0.16529680365296803,0.0091324200913242,0.8132721757786491,0.1867278242213509,0.18247921098433573
1007,25847,2189,1797,367,25,0.8209227957971676,0.1676564641388762,0.011420740063956145,0.816445858929761,0.18355414107023907,0.18253569079583704
1008,25846,2189,1825,348,16,0.8337140246687985,0.15897670169026953,0.007309273640931932,0.8176701473746575,0.18232985262534251,0.18169155768784337
1009,25843,2188,1821,351,16,0.8322669104204753,0.16042047531992687,0.007312614259597806,0.8176161197125713,0.1823838802874287,0.18109352629338699
1010,25831,2189,1803,358,28,0.8236637734125172,0.163544997715852,0.012791228871630882,0.8164716338320249,0.1835283661679751,0.180790523014982
1011,25833,2189,1811,364,14,0.8273184102329831,0.16628597533120146,0.006395614435815441,0.8165518263317775,0.18344817366822258,0.18062168544110246
1012,25828,2188,1809,361,18,0.826782449725777,0.1649908592321755,0.008226691042047532,0.8185253797702853,0.18147462022971472,0.18034691032987454
1013,25827,2189,1787,383,19,0.8163544997715853,0.17496573777980814,0.00867976244860667,0.8193199496258983,0.18068005037410179,0.1810508382700275
1014,25828,2187,1807,364,16,0.8262459990855052,0.16643804298125287,0.007315957933241884,0.8213782360359024,0.17862176396409762,0.18092767539104848
1015,25823,2188,1824,342,22,0.8336380255941499,0.1563071297989031,0.010054844606946984,0.8197657176749703,0.18023428232502967,0.18007202881152462
1016,25831,2189,1812,365,12,0.8277752398355414,0.1667428049337597,0.00548195523069895,0.8198191520901275,0.18018084790987252,0.18009368588130542
1017,25831,2189,1826,346,17,0.8341708542713567,0.15806304248515304,0.0077661032434901784,0.8183165382335507,0.1816834617664493,0.17935813557353567
1018,25826,2189,1805,361,23,0.8245774326176336,0.16491548652352672,0.010507080858839652,0.8181818181818182,0.18181818181818182,0.1793154185704329
1019,25831,2189,1815,358,16,0.8291457286432161,0.163544997715852,0.007309273640931932,0.8196636289545824,0.1803363710454175,0.1792032828771631
1020,25836,2190,1826,348,16,0.8337899543378996,0.1589041095890411,0.0073059360730593605,0.8186328963933941,0.18136710360660593,0.17870413376683697
1021,25837,2189,1820,351,18,0.8314298766560073,0.16034719049794427,0.008222932846048425,0.8190772420943494,0.1809227579056506,0.1784649920656423
1022,25839,2190,1807,364,19,0.8251141552511415,0.16621004566210046,0.008675799086757991,0.8189087140001481,0.18109128599985194,0.1786833855799373
1023,25845,2190,1830,346,14,0.8356164383561644,0.15799086757990868,0.006392694063926941,0.8192655116244631,0.1807344883755368,0.17813890501064036
1024,25850,2189,1818,360,11,0.8305162174508908,0.16445865692096848,0.005025125628140704,0.8201406886338393,0.17985931136616068,0.1781818181818182
1025,25855,2188,1859,314,15,0.8496343692870201,0.14351005484460694,0.006855575868372943,0.8220872527960892,0.17791274720391081,0.17648423902533358
1026,25851,2188,1812,361,15,0.8281535648994516,0.1649908592321755,0.006855575868372943,0.8219391156210651,0.17806088437893489,0.1766662798344358
1027,25851,2189,1811,359,19,0.8273184102329831,0.16400182731841023,0.00867976244860667,0.8219705381597453,0.17802946184025464,0.1766662798344358
1028,25856,2190,1833,341,16,0.836986301369863,0.15570776255707763,0.0073059360730593605,0.8221449189549256,0.1778550810450744,0.17589727722772278
1029,25850,2189,1842,330,17,0.8414801279122888,0.1507537688442211,0.0077661032434901784,0.8242913181851824,0.17570868181481755,0.17477756286266924
1030,25856,2190,1833,343,14,0.836986301369863,0.15662100456621006,0.006392694063926941,0.8243043220840734,0.17569567791592658,0.1742342202970297
1031,25851,2190,1814,354,22,0.828310502283105,0.16164383561643836,0.01004566210045662,0.8241693184341005,0.1758306815658995,0.17426792000309466
1032,25860,2190,1834,345,11,0.8374429223744292,0.15753424657534246,0.00502283105022831,0.8245523161166198,0.1754476838833802,0.17382057231245165
1033,25867,2190,1846,333,11,0.8429223744292238,0.15205479452054796,0.00502283105022831,0.8258971513133555,0.17410284868664447,0.17296168863803302
1034,25865,2190,1828,347,15,0.8347031963470319,0.15844748858447488,0.00684931506849315,0.8270454209202545,0.1729545790797455,0.17289773825633095
1035,25868,2189,1833,344,12,0.8373686614892645,0.15714938328003655,0.00548195523069895,0.8264377174154393,0.17356228258456072,0.17256842430802535
1036,25872,2189,1862,315,12,0.8506167199634537,0.1439013248058474,0.00548195523069895,0.8272518688476057,0.17274813115239435,0.17118893011750155
1037,25870,2189,1840,335,14,0.8405664687071722,0.15303791685701235,0.006395614435815441,0.8263667973662795,0.1736332026337205,0.1707769617317356
1038,25867,2190,1837,336,17,0.8388127853881279,0.15342465753424658,0.007762557077625571,0.8271933718005622,0.1728066281994378,0.1702941972397263
1039,25866,2191,1819,355,17,0.8302145139205842,0.16202647193062528,0.007759014148790507,0.8279967462841086,0.17200325371589145,0.17061006726977498
1040,25865,2190,1843,329,18,0.8415525114155251,0.1502283105022831,0.00821917808219178,0.8297589114036386,0.17024108859636147,0.16988208003092983
1041,25863,2191,1834,341,16,0.8370607028753994,0.1556366955727978,0.00730260155180283,0.8295370507321402,0.1704629492678598,0.16966322545721688
1042,25871,2190,1841,340,9,0.8406392694063927,0.1552511415525114,0.00410958904109589,0.8300658430125027,0.16993415698749723,0.1694948011286769
1043,25877,2190,1856,325,9,0.8474885844748858,0.14840182648401826,0.00410958904109589,0.8299807720751368,0.17001922792486318,0.1687599026162229
1044,25874,2189,1831,343,15,0.836455002284148,0.1566925536774783,0.006852444038373686,0.8308546059933407,0.16914539400665926,0.16885676741130093
1045,25876,2189,1820,354,15,0.8314298766560073,0.161717679305619,0.006852444038373686,0.8303241083321,0.16967589166789995,0.169307466378111
1046,25876,2189,1826,348,15,0.8341708542713567,0.15897670169026953,0.006852444038373686,0.8307567127746135,0.16924328722538648,0.1695393414747256
1047,25871,2190,1830,339,21,0.8356164383561644,0.1547945205479452,0.009589041095890411,0.8318911323126987,0.16810886768730124,0.1694948011286769
1048,25863,2190,1816,354,20,0.8292237442922374,0.16164383561643836,0.0091324200913242,0.8302026327466351,0.1697973672533649,0.1699725476549511
1049,25867,2190,1815,361,14,0.8287671232876712,0.16484018264840183,0.006392694063926941,0.8290806892981288,0.17091931070187116,0.1707581087872579
1050,25876,2190,1817,364,9,0.8296803652968037,0.16621004566210046,0.00410958904109589,0.828415058057836,0.17158494194216403,0.17154892564538568
1051,25881,2189,1829,348,12,0.8355413430790315,0.15897670169026953,0.00548195523069895,0.8291293734743694,0.1708706265256306,0.171824890846567
1052,25871,2189,1844,322,23,0.8423937871174052,0.14709913202375513,0.010507080858839652,0.8275760041423182,0.17242399585768178,0.17127285377449655
1053,25865,2190,1800,372,18,0.821917808219178,0.16986301369863013,0.00821917808219178,0.8263185146830387,0.17368148531696131,0.1726657645466847
1054,25869,2190,1816,361,13,0.8292237442922374,0.16484018264840183,0.005936073059360731,0.8248391153191804,0.17516088468081958,0.1733348795856044
1055,25870,2189,1786,389,14,0.8158976701690269,0.17770671539515762,0.006395614435815441,0.8236295035880743,0.17637049641192573,0.17518361035948976
1056,25867,2188,1846,322,20,0.8436928702010968,0.14716636197440586,0.009140767824497258,0.8249444855662472,0.17505551443375278,0.1743147639850002
1057,25867,2189,1830,348,11,0.8359981726815897,0.15897670169026953,0.005025125628140704,0.8236382474837182,0.17636175251628183,0.17462403835002127
1058,25865,2189,1817,357,15,0.8300593878483326,0.16308816811329374,0.006852444038373686,0.8228634850166482,0.17713651498335184,0.17517881306785232
1059,25859,2191,1799,372,20,0.8210862619808307,0.1697854860794158,0.009128251939753538,0.8199230883005473,0.18007691169945275,0.1761862407672377
1060,25860,2190,1819,355,16,0.8305936073059361,0.16210045662100456,0.0073059360730593605,0.8218803165914639,0.17811968340853612,0.17641144624903327
1061,25856,2190,1845,324,21,0.8424657534246576,0.14794520547945206,0.009589041095890411,0.8227679562097788,0.17723204379022117,0.17554919554455445
1062,25852,2190,1825,345,20,0.8333333333333334,0.15753424657534246,0.0091324200913242,0.8230245634803196,0.17697543651968037,0.17549899427510443
1063,25850,2190,1812,358,20,0.8273972602739726,0.1634703196347032,0.0091324200913242,0.8213836477987422,0.17861635220125785,0.17586073500967117
1064,25857,2191,1828,349,14,0.8343222272934733,0.15928799634869922,0.006389776357827476,0.8198091574820623,0.1801908425179377,0.17565842905209422
1065,25858,2189,1849,326,14,0.8446779351301964,0.1489264504339881,0.006395614435815441,0.8227501480165779,0.17724985198342214,0.1746074715755279
1066,25853,2188,1817,356,15,0.8304387568555759,0.16270566727605118,0.006855575868372943,0.8236949278045168,0.17630507219548316,0.17479596178393222
1067,25856,2188,1824,352,12,0.8336380255941499,0.16087751371115175,0.005484460694698354,0.825246314541818,0.1747536854581821,0.1746983292079208
1068,25847,2189,1824,344,21,0.8332571950662403,0.15714938328003655,0.009593421653723162,0.823930105138457,0.176069894861543,0.17444964599373236
1069,25849,2189,1838,338,13,0.8396528095020558,0.15440840566468708,0.005938784833257195,0.8252369668246445,0.17476303317535544,0.1738171689427057
1070,25848,2189,1815,358,16,0.8291457286432161,0.163544997715852,0.007309273640931932,0.8252369668246445,0.17476303317535544,0.17405601980810895
1071,25848,2189,1846,328,15,0.8433074463225217,0.1498401096391046,0.006852444038373686,0.826360607182525,0.173639392817475,0.1729727638502012
1072,25845,2188,1834,341,13,0.8382084095063985,0.15585009140767825,0.005941499085923218,0.8268276423968595,0.1731723576031405,0.1725672277036177
1073,25837,2190,1798,365,27,0.8210045662100457,0.16666666666666666,0.012328767123287671,0.8261770802487415,0.17382291975125852,0.17316251886828965
1074,25838,2191,1821,349,21,0.8311273391145596,0.15928799634869922,0.009584664536741214,0.8254755384501518,0.17452446154984827,0.17307841164176793
1075,25845,2191,1845,336,10,0.8420812414422638,0.15335463258785942,0.004564125969876769,0.8272646536412078,0.17273534635879217,0.17245115109305476
1076,25842,2190,1843,329,18,0.8415525114155251,0.1502283105022831,0.00821917808219178,0.8276831976313842,0.17231680236861585,0.17173593375125765
1077,25844,2189,1845,332,12,0.8428506167199634,0.1516674280493376,0.00548195523069895,0.8253462706466188,0.17465372935338122,0.1711422380436465
1078,25840,2188,1825,343,20,0.8340950639853748,0.15676416819012798,0.009140767824497258,0.8257390531229162,0.1742609468770838,0.17120743034055727
1079,25843,2189,1813,360,16,0.8282320694380996,0.16445865692096848,0.007309273640931932,0.8266923418752777,0.17330765812472226,0.17184537398908795
1080,25848,2189,1834,341,14,0.8378254910918228,0.15577889447236182,0.006395614435815441,0.8277547393364929,0.17224526066350712,0.17161869390281648
1081,25846,2189,1814,360,15,0.8286888990406578,0.16445865692096848,0.006852444038373686,0.8281990521327014,0.17180094786729858,0.17217364389073744
1082,25850,2188,1823,354,11,0.833180987202925,0.16179159049360145,0.005027422303473492,0.8289015628471965,0.17109843715280348,0.1723404255319149
1083,25849,2188,1807,364,17,0.8258683729433273,0.1663619744058501,0.007769652650822669,0.8269885942823285,0.17301140571767146,0.17308213083678287
1084,25855,2188,1830,344,14,0.8363802559414991,0.15722120658135283,0.006398537477148081,0.8270626573840912,0.17293734261590876,0.173041964803713
1085,25840,2189,1826,328,35,0.8341708542713567,0.1498401096391046,0.015989036089538604,0.8271650629163583,0.17283493708364175,0.17256191950464397
1086,25845,2192,1832,344,16,0.8357664233576643,0.15693430656934307,0.0072992700729927005,0.8268234945997929,0.17317650540020713,0.1725672277036177
1087,25849,2191,1841,334,16,0.8402555910543131,0.15244180739388408,0.00730260155180283,0.8249352571217166,0.17506474287828339,0.17215366165035398
1088,25842,2191,1783,386,22,0.8137836604290278,0.17617526243724327,0.010041077133728891,0.8241343592778929,0.17586564072210714,0.1738642519928798
1089,25854,2188,1829,347,12,0.8359232175502742,0.1585923217550274,0.005484460694698354,0.8243183165382335,0.17568168346176644,0.1737835538021196
1090,25847,2189,1820,352,17,0.8314298766560073,0.16080402010050251,0.0077661032434901784,0.8243613476490189,0.1756386523509811,0.1740240646883584
1091,25846,2189,1827,343,19,0.8346276838739151,0.1566925536774783,0.00867976244860667,0.8259163272861904,0.1740836727138097,0.17403079780236788
1092,25842,2189,1841,331,17,0.8410232983097304,0.15121059844677937,0.0077661032434901784,0.8231373129906681,0.17686268700933194,0.1735159817351598
1093,25833,2189,1844,322,23,0.8423937871174052,0.14709913202375513,0.010507080858839652,0.8239520071100578,0.17604799288994222,0.17268609917547323
1094,25821,2189,1858,300,31,0.8487894015532207,0.13704888076747374,0.01416171767930562,0.8241220921618018,0.17587790783819826,0.1711784981216839
1095,25815,2190,1800,368,22,0.821917808219178,0.1680365296803653,0.01004566210045662,0.8251463288138104,0.17485367118618952,0.17222545031958164
1096,25822,2190,1808,367,15,0.8255707762557077,0.16757990867579908,0.00684931506849315,0.8259967392915369,0.17400326070846303,0.17283711563782822
1097,25820,2191,1831,340,20,0.8356914650844364,0.15518028297581013,0.009128251939753538,0.8265215459795646,0.17347845402043535,0.17238574748257166
1098,25816,2188,1823,347,18,0.833180987202925,0.1585923217550274,0.008226691042047532,0.8291814946619217,0.1708185053380783,0.1722962503873567
1099,25824,2188,1818,361,9,0.8308957952468007,0.1649908592321755,0.004113345521023766,0.827176976709687,0.17282302329031302,0.1727075588599752
1100,25832,2187,1846,331,10,0.8440786465477823,0.15134887974394148,0.004572473708276178,0.828228139138174,0.171771860861826,0.1719959739857541
1101,25829,2186,1823,346,17,0.8339432753888381,0.15827996340347666,0.00777676120768527,0.8286223013576675,0.17137769864233252,0.17205466723450386
1102,25833,2186,1815,357,14,0.8302836230558097,0.16331198536139066,0.006404391582799634,0.8287833827893175,0.1712166172106825,0.1724538381140402
1103,25828,2188,1847,320,21,0.8441499085923218,0.14625228519195613,0.009597806215722121,0.8276628863686902,0.17233711363130977,0.1714031283877962
1104,25824,2189,1809,362,18,0.8264047510278666,0.16537231612608497,0.008222932846048425,0.8277753075440937,0.17222469245590633,0.1720492565055762
1105,25831,2189,1793,385,11,0.8190954773869347,0.17587939698492464,0.005025125628140704,0.8264542423119674,0.1735457576880326,0.17335759358909836
1106,25839,2191,1836,341,14,0.8379735280693748,0.1556366955727978,0.006389776357827476,0.823437962688777,0.17656203731122297,0.17307171330159835
1107,25839,2190,1828,344,18,0.8347031963470319,0.15707762557077626,0.00821917808219178,0.8262125138837467,0.17378748611625325,0.17318781686597778
1108,25845,2189,1844,331,14,0.8423937871174052,0.15121059844677937,0.006395614435815441,0.8261739001629388,0.17382609983706118,0.17287676533178564
1109,25848,2190,1776,399,15,0.810958904109589,0.1821917808219178,0.00684931506849315,0.8234771667530161,0.17652283324698395,0.1751392757660167
1110,25859,2191,1818,356,17,0.8297581013235965,0.16248288452761298,0.007759014148790507,0.8239733629300777,0.1760266370699223,0.17549015816543564
1111,25862,2189,1793,379,17,0.8190954773869347,0.17313841936957514,0.0077661032434901784,0.8248704663212435,0.17512953367875647,0.17678447142525713
1112,25869,2189,1849,328,12,0.8446779351301964,0.1498401096391046,0.00548195523069895,0.8249444855662472,0.17505551443375278,0.17588619583285012
1113,25859,2190,1834,334,22,0.8374429223744292,0.15251141552511416,0.01004566210045662,0.8215844367186922,0.17841556328130778,0.17529680188715727
1114,25859,2191,1800,373,18,0.8215426745778184,0.17024189867640346,0.008215426745778184,0.821684786628208,0.17831521337179201,0.1761862407672377
1115,25861,2192,1831,336,25,0.8353102189781022,0.15328467153284672,0.011405109489051095,0.8183767001774098,0.18162329982259018,0.17578593248520938
1116,25864,2192,1826,352,14,0.833029197080292,0.16058394160583941,0.006386861313868613,0.8204862907397827,0.17951370926021729,0.17592019795855243
1117,25863,2190,1819,351,20,0.8305936073059361,0.16027397260273973,0.0091324200913242,0.8234945997928688,0.17650540020713124,0.17604299578548505
1118,25870,2190,1829,349,12,0.8351598173515982,0.1593607305936073,0.005479452054794521,0.8215104667504993,0.1784895332495007,0.17595670660997295
1119,25859,2189,1824,343,22,0.8332571950662403,0.1566925536774783,0.010050251256281407,0.8221580817051509,0.17784191829484902,0.1756448431880583
1120,25861,2190,1818,359,13,0.8301369863013699,0.1639269406392694,0.005936073059360731,0.8211484386562083,0.17885156134379163,0.17590193728007425
1121,25857,2188,1825,345,18,0.8340950639853748,0.1576782449725777,0.008226691042047532,0.8237950692233657,0.17620493077663435,0.1755424063116371
1122,25849,2189,1799,370,20,0.8218364550022842,0.16902695294655093,0.009136592051164915,0.8242042931162102,0.1757957068837898,0.1761383419087779
1123,25848,2189,1821,349,19,0.8318867062585655,0.15943353129282778,0.00867976244860667,0.8261255924170616,0.1738744075829384,0.1758356545961003
1124,25845,2189,1823,349,17,0.8328003654636821,0.15943353129282778,0.0077661032434901784,0.8243003109729009,0.17569968902709907,0.17566260398529696
1125,25845,2189,1836,336,17,0.8387391502969392,0.1534947464595706,0.0077661032434901784,0.8237820228046794,0.1762179771953206,0.17488875991487715
1126,25839,2189,1778,392,19,0.812243033348561,0.17907720420283235,0.00867976244860667,0.8237298178047696,0.17627018219523033,0.1763226131042223
1127,25844,2189,1790,386,13,0.8177249885792599,0.17633622658748288,0.005938784833257195,0.8230894549763034,0.17691054502369669,0.17741061755146262
1128,25837,2188,1797,366,25,0.8212979890310786,0.16727605118829983,0.011425959780621572,0.8233071566157949,0.17669284338420507,0.17788442930680806
1129,25846,2189,1815,362,12,0.8291457286432161,0.16537231612608497,0.00548195523069895,0.8242832802429809,0.17571671975701905,0.17820939410353634
1130,25841,2188,1807,362,19,0.8258683729433273,0.16544789762340037,0.008683729433272395,0.8213941773464701,0.1786058226535299,0.17863085793893424
1131,25845,2190,1835,341,14,0.8378995433789954,0.15570776255707763,0.006392694063926941,0.8189355244651714,0.18106447553482863,0.17813890501064036
1132,25843,2188,1796,377,15,0.8208409506398537,0.1723034734917733,0.006855575868372943,0.8184040897977328,0.18159591020226717,0.17912007119916418
1133,25845,2189,1819,352,18,0.8309730470534491,0.16080402010050251,0.008222932846048425,0.8175960897578316,0.1824039102421684,0.17902882569162315
1134,25841,2189,1785,382,22,0.8154408405664687,0.1745089081772499,0.010050251256281407,0.8180269589690417,0.18197304103095838,0.1802174838435045
1135,25847,2190,1835,338,17,0.8378995433789954,0.154337899543379,0.007762557077625571,0.818612571259347,0.181387428740653,0.17951793244864006
1136,25854,2190,1815,364,11,0.8287671232876712,0.16621004566210046,0.00502283105022831,0.8169170428476282,0.1830829571523718,0.17985611510791366
1137,25862,2190,1809,370,11,0.826027397260274,0.1689497716894977,0.00502283105022831,0.8161770147265596,0.1838229852734404,0.18038048101461604
1138,25857,2189,1832,335,22,0.8369118318867063,0.15303791685701235,0.010050251256281407,0.8165198726963215,0.1834801273036785,0.17952585373399854
1139,25857,2188,1821,352,15,0.8322669104204753,0.16087751371115175,0.006855575868372943,0.8194609004739336,0.18053909952606634,0.1793324824999033
1140,25859,2190,1781,390,19,0.8132420091324201,0.1780821917808219,0.008675799086757991,0.819621189701095,0.180378810298905,0.18055609265632855
1141,25863,2191,1812,362,17,0.8270196257416704,0.16522136010953903,0.007759014148790507,0.8191095991717202,0.18089040082827984,0.18041217182848085
1142,25863,2190,1837,336,17,0.8388127853881279,0.15342465753424658,0.007762557077625571,0.8207309854986683,0.17926901450133176,0.1792908788616943
1143,25867,2189,1811,367,11,0.8273184102329831,0.1676564641388762,0.005025125628140704,0.8202604706230576,0.17973952937694243,0.17941779100784783
1144,25862,2189,1822,346,21,0.8323435358611238,0.15806304248515304,0.009593421653723162,0.819150510581619,0.18084948941838094,0.17871780991415978
1145,25867,2190,1807,372,11,0.8251141552511415,0.16986301369863013,0.00502283105022831,0.8185988015092106,0.18140119849078937,0.1790311980515715
1146,25870,2190,1818,353,19,0.8301369863013699,0.16118721461187216,0.008675799086757991,0.8214840571132648,0.17851594288673522,0.17873985311171242
1147,25870,2190,1814,360,16,0.828310502283105,0.1643835616438356,0.0073059360730593605,0.819862456555498,0.18013754344450195,0.17877850792423658
1148,25871,2189,1805,370,14,0.8245774326176336,0.16902695294655093,0.006395614435815441,0.820865704772475,0.17913429522752497,0.1791194774071354
1149,25874,2189,1811,365,13,0.8273184102329831,0.1667428049337597,0.005938784833257195,0.8206437291897891,0.17935627081021088,0.17925330447553528
1150,25872,2189,1828,347,14,0.8350845134764733,0.1585198720877113,0.006395614435815441,0.8197958277851753,0.18020417221482468,0.17864873222016078
1151,25869,2189,1802,368,19,0.8232069438099588,0.16811329374143444,0.00867976244860667,0.8194732169280853,0.18052678307191478,0.1790560129885191
1152,25870,2190,1837,335,18,0.8388127853881279,0.15296803652968036,0.00821917808219178,0.8204274831743215,0.17957251682567857,0.1780827212988017
1153,25868,2190,1865,310,15,0.8515981735159818,0.1415525114155251,0.00684931506849315,0.8202321969977077,0.1797678030022924,0.1762409154167311
1154,25861,2191,1801,367,23,0.8219990871748061,0.1675034230944774,0.010497489730716568,0.819815157116451,0.180184842883549,0.17690731216890299
1155,25865,2191,1826,348,17,0.833409402099498,0.15883158375171155,0.007759014148790507,0.8194660158272317,0.18053398417276828,0.1764160061859656
1156,25867,2191,1823,352,16,0.8320401643085349,0.16065723413966226,0.00730260155180283,0.8203800931745915,0.17961990682540857,0.17624772876638187
1157,25871,2189,1849,329,11,0.8446779351301964,0.15029693924166285,0.005025125628140704,0.8241213466518683,0.1758786533481317,0.1751381856132349
1158,25860,2188,1800,368,20,0.8226691042047533,0.16819012797074953,0.009140767824497258,0.8232682060390764,0.17673179396092362,0.17563805104408353
1159,25851,2189,1792,373,24,0.8186386477843764,0.17039744175422566,0.0109639104613979,0.8241302738712065,0.17586972612879348,0.1762407643804882
1160,25855,2189,1801,373,15,0.8227501142074006,0.17039744175422566,0.006852444038373686,0.8251536013028351,0.17484639869716484,0.176793656932895
1161,25850,2189,1833,334,22,0.8373686614892645,0.1525810872544541,0.010050251256281407,0.8272262935820565,0.1727737064179436,0.17586073500967117
1162,25856,2189,1843,336,10,0.841936957514847,0.1534947464595706,0.0045682960255824575,0.8257811343106768,0.17421886568932327,0.17508508663366337
1163,25856,2188,1834,344,10,0.8382084095063985,0.15722120658135283,0.004570383912248629,0.825137016738261,0.174862983261739,0.17462097772277227
1164,25857,2188,1804,371,13,0.8244972577696527,0.16956124314442414,0.005941499085923218,0.8228672985781991,0.17713270142180096,0.17527168658390377
1165,25856,2187,1833,341,13,0.8381344307270233,0.15592135345221764,0.00594421582075903,0.8216904955922661,0.1783095044077339,0.17465965346534654
1166,25857,2188,1834,338,16,0.8382084095063985,0.15447897623400367,0.007312614259597806,0.8236208811551278,0.17637911884487226,0.17418880767297057
1167,25857,2190,1831,341,18,0.8360730593607306,0.15570776255707763,0.00821917808219178,0.8237993043735662,0.1762006956264338,0.17399543643887536
1168,25860,2190,1823,349,18,0.8324200913242009,0.1593607305936073,0.00821917808219178,0.8225806451612904,0.1774193548387097,0.17412993039443156
1169,25864,2190,1811,367,12,0.8269406392694064,0.16757990867579908,0.005479452054794521,0.8219755826859045,0.17802441731409546,0.17483761212496132
1170,25859,2189,1832,335,22,0.8369118318867063,0.15303791685701235,0.010050251256281407,0.8238253792082871,0.17617462079171292,0.17429134924010983
1171,25859,2190,1836,340,14,0.8383561643835616,0.1552511415525114,0.006392694063926941,0.8257267549374954,0.17427324506250463,0.1739046366835531
1172,25865,2190,1795,384,11,0.819634703196347,0.17534246575342466,0.00502283105022831,0.827007029226785,0.17299297077321496,0.17517881306785232
1173,25861,2191,1805,363,23,0.8238247375627568,0.1656777727065267,0.010497489730716568,0.8252125693160813,0.17478743068391867,0.17551525463052473
1174,25864,2189,1794,379,16,0.8195523069894929,0.17313841936957514,0.007309273640931932,0.8252793606157034,0.1747206393842966,0.1765001546551191
1175,25863,2189,1824,344,21,0.8332571950662403,0.15714938328003655,0.009593421653723162,0.8256106587712805,0.17438934122871946,0.17604299578548505
1176,25864,2190,1826,349,15,0.8337899543378996,0.1593607305936073,0.00684931506849315,0.8245172745431678,0.17548272545683213,0.17588153417878133
1177,25853,2189,1807,358,24,0.8254910918227502,0.163544997715852,0.0109639104613979,0.8231332790646044,0.17686672093539554,0.17622713031369666
1178,25852,2190,1820,353,17,0.8310502283105022,0.16118721461187216,0.007762557077625571,0.8206437291897891,0.17935627081021088,0.17627262881015007
1179,25845,2190,1804,362,24,0.8237442922374429,0.16529680365296803,0.010958904109589041,0.8205166160905929,0.17948338390940716,0.1768233700909267
1180,25841,2191,1821,341,29,0.8311273391145596,0.1556366955727978,0.01323596531264263,0.8206304573035371,0.17936954269646294,0.17665725010642003
1181,25837,2190,1816,353,21,0.8292237442922374,0.16118721461187216,0.009589041095890411,0.820833641815355,0.179166358184645,0.17687812052482874
1182,25846,2191,1792,387,12,0.8178913738019169,0.17663167503423094,0.005476951163852123,0.8198771553319026,0.1801228446680974,0.17836415692950552
1183,25845,2189,1818,353,18,0.8305162174508908,0.16126084970306076,0.008222932846048425,0.8185385355741467,0.18146146442585326,0.17825498162120332
1184,25847,2187,1783,390,14,0.8152720621856424,0.17832647462277093,0.006401463191586648,0.8210393654088517,0.17896063459114833,0.1797887569156962
1185,25840,2186,1816,345,25,0.8307410795974383,0.15782250686184812,0.011436413540713633,0.8216192170818505,0.17838078291814946,0.1793343653250774
1186,25840,2188,1809,365,14,0.826782449725777,0.16681901279707495,0.006398537477148081,0.8209574625759597,0.1790425374240403,0.1796826625386997
1187,25838,2188,1783,388,17,0.8148994515539305,0.1773308957952468,0.007769652650822669,0.820552715418241,0.1794472845817589,0.18078024614908275
1188,25837,2189,1807,364,18,0.8254910918227502,0.16628597533120146,0.008222932846048425,0.8180134804829272,0.18198651951707281,0.1807872431009792
1189,25836,2188,1819,351,18,0.8313528336380256,0.16042047531992687,0.008226691042047532,0.8187342522602639,0.18126574773973617,0.1804071837745781
1190,25834,2189,1812,360,17,0.8277752398355414,0.16445865692096848,0.0077661032434901784,0.81810772764318,0.18189227235682004,0.18038244174343887
1191,25834,2189,1830,338,21,0.8359981726815897,0.15440840566468708,0.009593421653723162,0.8164716338320249,0.1835283661679751,0.17964697685221026
1192,25831,2191,1808,361,22,0.8251939753537197,0.16476494751255136,0.010041077133728891,0.8152616386647916,0.18473836133520835,0.1798226936626534
1193,25831,2191,1810,361,20,0.8261068005476951,0.16476494751255136,0.009128251939753538,0.8156920799407846,0.1843079200592154,0.17997754635902596
1194,25830,2190,1807,362,21,0.8251141552511415,0.16529680365296803,0.009589041095890411,0.8171517440568763,0.18284825594312376,0.18017808749516068
1195,25836,2189,1822,351,16,0.8323435358611238,0.16034719049794427,0.007309273640931932,0.8182087562041632,0.18179124379583672,0.1799040099086546
1196,25840,2188,1800,372,16,0.8226691042047533,0.170018281535649,0.007312614259597806,0.8197110040755835,0.18028899592441644,0.18037925696594428
1197,25839,2190,1796,373,21,0.8200913242009132,0.17031963470319636,0.009589041095890411,0.8189087140001481,0.18109128599985194,0.180773249738767
1198,25847,2189,1857,323,9,0.8483325719506624,0.14755596162631338,0.004111466423024212,0.8189897792919567,0.18101022070804326,0.17901497272410724
1199,25837,2188,1834,330,24,0.8382084095063985,0.15082266910420475,0.010968921389396709,0.8211851851851852,0.17881481481481482,0.17800054185857492
1200,25829,2189,1827,334,28,0.8346276838739151,0.1525810872544541,0.012791228871630882,0.8205318124583364,0.17946818754166358,0.17697162104611097
1201,25823,2190,1825,341,24,0.8333333333333334,0.15570776255707763,0.010958904109589041,0.8191780821917808,0.18082191780821918,0.17627696239786236
1202,25825,2191,1809,365,17,0.8256503879507074,0.16659059790050204,0.007759014148790507,0.8215739986673577,0.17842600133264233,0.17641819941916748
1203,25822,2190,1817,354,19,0.8296803652968037,0.16164383561643836,0.008675799086757991,0.8222617196178627,0.1777382803821373,0.17605142901401905
1204,25828,2189,1832,343,14,0.8369118318867063,0.1566925536774783,0.006395614435815441,0.8238476359863643,0.17615236401363568,0.17539104847452378
1205,25825,2188,1820,348,20,0.8318098720292505,0.1590493601462523,0.009140767824497258,0.82502965599051,0.1749703440094899,0.1751403678606002
1206,25821,2188,1803,364,21,0.8240402193784278,0.1663619744058501,0.009597806215722121,0.8247109398161874,0.17528906018381263,0.1755160528252198
1207,25830,2189,1843,332,14,0.841936957514847,0.1516674280493376,0.006395614435815441,0.8245015934188098,0.17549840658119026,0.1746031746031746
1208,25830,2188,1829,346,13,0.8359232175502742,0.15813528336380256,0.005941499085923218,0.8260708463020602,0.17392915369793982,0.17425474254742548
1209,25831,2188,1815,359,14,0.8295246800731262,0.1640767824497258,0.006398537477148081,0.8274149306842612,0.17258506931573875,0.17440284928961325
1210,25831,2187,1808,362,17,0.8267032464563329,0.1655235482395976,0.007773205304069501,0.8248906029815323,0.1751093970184677,0.17467384150826526
1211,25825,2188,1803,362,23,0.8240402193784278,0.16544789762340037,0.010511882998171846,0.82499444073827,0.17500555926173003,0.17498547918683446
1212,25830,2190,1828,347,15,0.8347031963470319,0.15844748858447488,0.00684931506849315,0.8245315161839863,0.17546848381601363,0.17471931862175766
1213,25829,2191,1811,361,19,0.8265632131446828,0.16476494751255136,0.00867183934276586,0.8236600533017471,0.1763399466982529,0.17511324480235393
1214,25839,2190,1787,391,12,0.8159817351598173,0.17853881278538813,0.005479452054794521,0.8236688143375546,0.17633118566244538,0.17670962498548706
1215,25838,2189,1816,352,21,0.8296025582457743,0.16080402010050251,0.009593421653723162,0.823037037037037,0.17696296296296296,0.17679386949454293
1216,25843,2189,1819,350,20,0.8309730470534491,0.15989036089538602,0.009136592051164915,0.8228888888888889,0.1771111111111111,0.17699183531323762
1217,25853,2190,1815,364,11,0.8287671232876712,0.16621004566210046,0.00502283105022831,0.8220922484637595,0.17790775153624047,0.17761961861292694
1218,25858,2191,1798,379,14,0.820629849383843,0.17298037425832952,0.006389776357827476,0.8203136558662524,0.1796863441337476,0.17862943769819786
1219,25864,2189,1805,371,13,0.8245774326176336,0.16948378254910917,0.005938784833257195,0.8191843682925024,0.1808156317074976,0.1791679554593257
1220,25865,2188,1807,366,15,0.8258683729433273,0.16727605118829983,0.006855575868372943,0.8190567853705486,0.1809432146294514,0.17966363812101296
1221,25862,2189,1779,391,19,0.8126998629511192,0.1786203746002741,0.00867976244860667,0.8187671131502997,0.1812328868497003,0.18107648287062098
1222,25866,2190,1823,350,17,0.8324200913242009,0.1598173515981735,0.007762557077625571,0.8177379983726607,0.1822620016273393,0.18077785509935823
1223,25864,2191,1815,357,19,0.8283888635326335,0.16293929712460065,0.00867183934276586,0.8172678888231816,0.18273211117681845,0.18083049798948345
1224,25864,2191,1831,341,19,0.8356914650844364,0.1556366955727978,0.00867183934276586,0.8163672654690619,0.18363273453093812,0.18021187751314569
1225,25863,2191,1775,400,16,0.8101323596531265,0.18256503879507074,0.00730260155180283,0.8145656192236599,0.1854343807763401,0.18195878281715192
1226,25865,2190,1811,358,21,0.8269406392694064,0.1634703196347032,0.009589041095890411,0.8168972405119479,0.18310275948805207,0.18175140150782912
1227,25856,2190,1778,383,29,0.8118721461187215,0.17488584474885846,0.013242009132420091,0.816729531839361,0.183270468160639,0.1827815594059406
1228,25866,2192,1804,372,16,0.822992700729927,0.16970802919708028,0.0072992700729927005,0.8173752310536044,0.18262476894639557,0.18305884172272482
1229,25864,2191,1822,347,22,0.8315837517115472,0.15837517115472388,0.010041077133728891,0.8149763453577764,0.18502365464222353,0.18241571296009898
1230,25860,2190,1798,371,21,0.8210045662100457,0.16940639269406393,0.009589041095890411,0.8162585990088024,0.18374140099119757,0.18271461716937354
1231,25847,2189,1807,355,27,0.8254910918227502,0.16217450890817725,0.012334399269072635,0.815294640213207,0.184705359786793,0.18238093395751925
1232,25852,2190,1807,370,13,0.8251141552511415,0.1689497716894977,0.005936073059360731,0.8149381893552446,0.18506181064475535,0.18250038681726752
1233,25841,2189,1806,359,24,0.8250342622201918,0.16400182731841023,0.0109639104613979,0.8174885236191323,0.18251147638086776,0.18222978986881314
1234,25846,2189,1795,381,13,0.8200091365920512,0.17405207857469163,0.005938784833257195,0.8162162162162162,0.1837837837837838,0.18273620676313548
1235,25848,2188,1812,363,13,0.8281535648994516,0.16590493601462522,0.005941499085923218,0.8163431619499185,0.18365683805008148,0.182528628907459
1236,25847,2189,1766,404,19,0.806761078117862,0.1845591594335313,0.00867976244860667,0.8148559579352737,0.18514404206472634,0.18396719155027663
1237,25846,2187,1798,371,18,0.8221307727480567,0.16963877457704618,0.00823045267489712,0.8171038980287535,0.18289610197124648,0.18401300007738142
1238,25850,2188,1779,396,13,0.8130712979890311,0.1809872029250457,0.005941499085923218,0.8157173542700541,0.18428264572994593,0.1851063829787234
1239,25845,2189,1768,395,26,0.8076747373229786,0.1804476930105071,0.01187756966651439,0.8170849063587238,0.1829150936412762,0.18614819113948539
1240,25857,2190,1841,336,13,0.8406392694063927,0.15342465753424658,0.005936073059360731,0.8148641646309868,0.18513583536901326,0.18482422554820746
1241,25855,2189,1805,363,21,0.8245774326176336,0.1658291457286432,0.009593421653723162,0.8134991119005328,0.18650088809946713,0.1848385225294914
1242,25858,2191,1790,385,16,0.8169785486079416,0.1757188498402556,0.00730260155180283,0.8119683408536135,0.18803165914638656,0.18535849640343413
1243,25862,2191,1801,373,17,0.8219990871748061,0.17024189867640346,0.007759014148790507,0.8094956367401271,0.1905043632598728,0.18540716108576288
1244,25866,2190,1784,389,17,0.8146118721461187,0.1776255707762557,0.007762557077625571,0.8116863905325444,0.18831360946745562,0.1862290265213021
1245,25875,2190,1814,363,13,0.828310502283105,0.16575342465753426,0.005936073059360731,0.811566336340778,0.188433663659222,0.18589371980676328
1246,25878,2190,1817,358,15,0.8296803652968037,0.1634703196347032,0.00684931506849315,0.8112705221121136,0.1887294778878864,0.18556302650900378
1247,25876,2190,1792,379,19,0.8182648401826484,0.1730593607305936,0.008675799086757991,0.8107808340727596,0.18921916592724047,0.18596382748492812
1248,25875,2190,1806,363,21,0.8246575342465754,0.16575342465753426,0.009589041095890411,0.8116542187384456,0.18834578126155438,0.18570048309178744
1249,25882,2190,1796,380,14,0.8200913242009132,0.1735159817351598,0.006392694063926941,0.8123475046210721,0.18765249537892792,0.1860366277721969
1250,25880,2190,1776,393,21,0.810958904109589,0.17945205479452056,0.009589041095890411,0.814625850340136,0.18537414965986396,0.18678516228748068
1251,25887,2190,1822,355,13,0.8319634703196347,0.16210045662100456,0.005936073059360731,0.8153459491425192,0.18465405085748077,0.18584617761810948
1252,25877,2190,1752,413,25,0.8,0.18858447488584476,0.01141552511415525,0.8137660801419488,0.18623391985805116,0.18734783784828227
1253,25884,2191,1795,381,15,0.81926061159288,0.1738931994523049,0.006846188954815153,0.812887969258055,0.18711203074194502,0.18725853809303045
1254,25887,2190,1768,409,13,0.8073059360730593,0.1867579908675799,0.005936073059360731,0.8122874463995269,0.18771255360047318,0.18843434928728706
1255,25891,2189,1806,368,15,0.8250342622201918,0.16811329374143444,0.006852444038373686,0.8135768690379354,0.18642313096206464,0.18801900274226566
1256,25898,2189,1804,374,11,0.8241206030150754,0.1708542713567839,0.005025125628140704,0.8116402898979441,0.1883597101020559,0.1880454089118851
1257,25891,2189,1801,366,22,0.8227501142074006,0.16719963453631795,0.010050251256281407,0.8105130859086205,0.18948691409137958,0.1878645089027075
1258,25880,2191,1780,384,27,0.8124144226380648,0.17526243724326793,0.012323140118667275,0.8073882526782415,0.1926117473217584,0.18829211746522412
1259,25876,2192,1804,364,24,0.822992700729927,0.16605839416058393,0.010948905109489052,0.8082748429996306,0.1917251570003694,0.18785747410728088
1260,25869,2193,1763,405,25,0.803921568627451,0.18467852257181944,0.011399908800729594,0.8078570373652341,0.1921429626347659,0.18910665275039623
1261,25878,2191,1791,387,13,0.8174349612049293,0.17663167503423094,0.005933363760839799,0.8088550521102816,0.1911449478897184,0.1894273127753304
1262,25878,2190,1794,376,20,0.8191780821917808,0.17168949771689498,0.0091324200913242,0.8092421441774492,0.19075785582255084,0.18946595563799365
1263,25874,2189,1785,384,20,0.8154408405664687,0.1754225673823664,0.009136592051164915,0.8088159159825457,0.19118408401745432,0.1898044368864497
1264,25872,2190,1806,360,24,0.8246575342465754,0.1643835616438356,0.010958904109589041,0.80909426987061,0.19090573012939002,0.18923933209647495
1265,25875,2191,1799,375,17,0.8210862619808307,0.17115472387037883,0.007759014148790507,0.8087528646410882,0.1912471353589118,0.18914009661835748
1266,25867,2189,1788,381,20,0.8168113293741435,0.17405207857469163,0.009136592051164915,0.8105488977659417,0.18945110223405828,0.18912127421038388
1267,25868,2189,1778,392,19,0.812243033348561,0.17907720420283235,0.00867976244860667,0.8094709581945986,0.1905290418054014,0.18950054120921603
1268,25863,2188,1812,354,22,0.8281535648994516,0.16179159049360145,0.010054844606946984,0.8103065304309196,0.1896934695690804,0.18841588369485365
1269,25854,2189,1817,348,24,0.8300593878483326,0.15897670169026953,0.0109639104613979,0.8097528488974397,0.1902471511025603,0.18720507464995745
1270,25851,2190,1787,384,19,0.8159817351598173,0.17534246575342466,0.008675799086757991,0.810062893081761,0.189937106918239,0.18742021585238483
1271,25848,2191,1796,370,25,0.8197170241898677,0.16887266088544045,0.011410314924691922,0.8084177823803536,0.19158221761964642,0.18709377901578458
1272,25849,2190,1781,390,19,0.8132420091324201,0.1780821917808219,0.008675799086757991,0.8114408347517206,0.18855916524827943,0.18758946187473402
1273,25844,2188,1812,353,23,0.8281535648994516,0.1613345521023766,0.010511882998171846,0.8137175024072291,0.1862824975927709,0.18669710571119022
1274,25845,2189,1801,372,16,0.8227501142074006,0.16994061215166742,0.007309273640931932,0.81301836492891,0.18698163507109006,0.1864964209711743
1275,25840,2188,1799,366,23,0.8222120658135283,0.16727605118829983,0.010511882998171846,0.8138380620786725,0.1861619379213275,0.1860294117647059
1276,25831,2189,1826,339,24,0.8341708542713567,0.15486523526724533,0.0109639104613979,0.8121297393364929,0.18787026066350712,0.18450698772792382
1277,25829,2188,1823,351,14,0.833180987202925,0.16042047531992687,0.006398537477148081,0.8135329430074854,0.18646705699251465,0.18347593789926053
1278,25823,2189,1808,358,23,0.8259479214253084,0.163544997715852,0.010507080858839652,0.8141396176078257,0.1858603823921743,0.1828989660380281
1279,25822,2188,1826,347,15,0.8345521023765996,0.1585923217550274,0.006855575868372943,0.8155534138928016,0.18444658610719847,0.18182170242428936
1280,25817,2188,1820,348,20,0.8318098720292505,0.1590493601462523,0.009140767824497258,0.8165640987617706,0.1834359012382294,0.18092729596777318
1281,25816,2190,1777,390,23,0.8114155251141553,0.1780821917808219,0.010502283105022832,0.8166728417932567,0.18332715820674325,0.18178648899907035
1282,25818,2188,1778,392,18,0.8126142595978062,0.17915904936014626,0.008226691042047532,0.8182694446504041,0.1817305553495959,0.18250832752343327
1283,25824,2188,1789,385,14,0.8176416819012797,0.17595978062157222,0.006398537477148081,0.8197049447698125,0.18029505523018757,0.18293060718711276
1284,25826,2187,1819,351,17,0.8317329675354367,0.16049382716049382,0.007773205304069501,0.8220244716351501,0.17797552836484984,0.18210330674514055
1285,25825,2188,1828,343,17,0.8354661791590493,0.15676416819012798,0.007769652650822669,0.8197049447698125,0.18029505523018757,0.1811810261374637
1286,25823,2188,1827,342,19,0.8350091407678245,0.1563071297989031,0.008683729433272395,0.8182087781731909,0.181791221826809,0.18026565464895636
1287,25820,2190,1779,387,24,0.8123287671232877,0.17671232876712328,0.010958904109589041,0.8169494036595303,0.18305059634046966,0.18117738187451587
1288,25824,2190,1806,362,22,0.8246575342465754,0.16529680365296803,0.01004566210045662,0.8164716338320249,0.1835283661679751,0.1809169764560099
1289,25834,2190,1821,357,12,0.8315068493150685,0.16301369863013698,0.005479452054794521,0.8170641386461265,0.1829358613538735,0.1806146938143532
1290,25841,2190,1802,375,13,0.8228310502283105,0.17123287671232876,0.005936073059360731,0.8180404354587869,0.18195956454121306,0.18110754227777562
1291,25833,2189,1807,355,27,0.8254910918227502,0.16217450890817725,0.012334399269072635,0.8155828766108725,0.18441712338912752,0.18093136685634653
1292,25842,2190,1823,353,14,0.8324200913242009,0.16118721461187216,0.006392694063926941,0.8149300155520995,0.18506998444790046,0.1806361736707685
1293,25840,2190,1798,371,21,0.8210045662100457,0.16940639269406393,0.009589041095890411,0.8170578218701414,0.18294217812985858,0.1811919504643963
1294,25845,2191,1803,371,17,0.8229119123687814,0.16932907348242812,0.007759014148790507,0.8178925558679887,0.18210744413201124,0.18154381892048752
1295,25846,2188,1814,359,15,0.8290676416819013,0.1640767824497258,0.006855575868372943,0.8196162678716942,0.1803837321283058,0.18134334132941268
1296,25853,2189,1826,349,14,0.8341708542713567,0.15943353129282778,0.006395614435815441,0.8196830568720379,0.1803169431279621,0.1807913975167292
1297,25850,2189,1809,360,20,0.8264047510278666,0.16445865692096848,0.009136592051164915,0.8179462500925446,0.1820537499074554,0.18061895551257254
1298,25845,2190,1813,357,20,0.8278538812785388,0.16301369863013698,0.0091324200913242,0.8163250203507734,0.18367497964922666,0.18018959179725286
1299,25847,2190,1791,382,17,0.8178082191780822,0.17442922374429223,0.007762557077625571,0.818101087841338,0.18189891215866202,0.18079467636476187
1300,25858,2191,1817,364,10,0.8293016887266088,0.16613418530351437,0.004564125969876769,0.8190159082500925,0.1809840917499075,0.18064042075953282
1301,25855,2189,1822,347,20,0.8323435358611238,0.1585198720877113,0.009136592051164915,0.8187268689859364,0.18127313101406364,0.18008122220073486
1302,25857,2188,1816,355,17,0.829981718464351,0.16224862888482633,0.007769652650822669,0.8197304103095837,0.18026958969041623,0.179951270449008
1303,25866,2190,1805,376,9,0.8242009132420092,0.17168949771689498,0.00410958904109589,0.8179665532040846,0.18203344679591535,0.18042990798731925
1304,25860,2190,1797,370,23,0.8205479452054795,0.1689497716894977,0.010502283105022832,0.817442118499889,0.18255788150011096,0.18066511987625677
1305,25869,2190,1806,374,10,0.8246575342465754,0.17077625570776256,0.0045662100456621,0.8189419163891972,0.1810580836108028,0.18102748463411805
1306,25870,2188,1830,346,12,0.8363802559414991,0.15813528336380256,0.005484460694698354,0.8198504921915476,0.18014950780845237,0.18032470042520293
1307,25873,2190,1800,376,14,0.821917808219178,0.17168949771689498,0.006392694063926941,0.8188003845869388,0.18119961541306118,0.18088354655432304
1308,25869,2189,1803,364,22,0.8236637734125172,0.16628597533120146,0.010050251256281407,0.8174890878153437,0.18251091218465637,0.18091151571378872
1309,25866,2191,1790,379,22,0.8169785486079416,0.17298037425832952,0.010041077133728891,0.816797279313914,0.18320272068608606,0.18155107090388928
1310,25865,2192,1812,358,22,0.8266423357664233,0.1633211678832117,0.010036496350364963,0.8176509719861039,0.18234902801389608,0.18132611637347767
1311,25860,2191,1787,379,25,0.8156093108169785,0.17298037425832952,0.011410314924691922,0.8180070963926671,0.18199290360733295,0.1820572312451663
1312,25856,2190,1794,372,24,0.8191780821917808,0.16986301369863013,0.010958904109589041,0.8178119683408536,0.18218803165914638,0.18239480198019803
1313,25863,2191,1805,372,14,0.8238247375627568,0.1697854860794158,0.006389776357827476,0.8159763313609467,0.18402366863905326,0.18277075358620423
1314,25866,2191,1795,382,14,0.81926061159288,0.17434961204929256,0.006389776357827476,0.8158556426564118,0.18414435734358822,0.18344544962499035
1315,25867,2188,1782,389,17,0.8144424131627057,0.17778793418647165,0.007769652650822669,0.8153960029607698,0.1846039970392302,0.1843275215525573
1316,25861,2188,1801,364,23,0.823126142595978,0.1663619744058501,0.010511882998171846,0.8151739452257587,0.1848260547742413,0.18425428251034376
1317,25850,2189,1815,347,27,0.8291457286432161,0.1585198720877113,0.012334399269072635,0.8152206100088836,0.18477938999111637,0.18363636363636363
1318,25843,2190,1789,377,24,0.8168949771689498,0.17214611872146118,0.010958904109589041,0.8131428994301784,0.18685710056982166,0.18422783732538792
1319,25848,2190,1803,372,15,0.8232876712328767,0.16986301369863013,0.00684931506849315,0.8122131754256107,0.18778682457438933,0.18442432683379759
1320,25846,2189,1810,360,19,0.8268615806304248,0.16445865692096848,0.00867976244860667,0.812259401835949,0.18774059816405092,0.18420645360984292
1321,25840,2188,1782,383,23,0.8144424131627057,0.1750457038391225,0.010511882998171846,0.8142222222222222,0.18577777777777776,0.18494582043343652
1322,25841,2189,1824,348,17,0.8332571950662403,0.15897670169026953,0.0077661032434901784,0.8129768165321087,0.18702318346789126,0.18408730312294416
1323,25842,2190,1844,329,17,0.8420091324200913,0.1502283105022831,0.007762557077625571,0.8134300732953283,0.18656992670467165,0.1826097051311818
1324,25836,2190,1814,354,22,0.828310502283105,0.16164383561643836,0.01004566210045662,0.8143459915611815,0.18565400843881857,0.1822263508283016
1325,25840,2189,1786,390,13,0.8158976701690269,0.17816354499771586,0.005938784833257195,0.813495296644693,0.18650470335530703,0.18301083591331269
1326,25842,2187,1808,363,16,0.8267032464563329,0.16598079561042525,0.007315957933241884,0.8156412157153446,0.1843587842846553,0.1825710084358796
1327,25842,2187,1835,336,16,0.8390489254686786,0.15363511659807957,0.007315957933241884,0.8192735359525575,0.18072646404744255,0.1812940174909063
1328,25832,2187,1840,325,22,0.8413351623228167,0.14860539551897575,0.010059442158207591,0.8198057964568972,0.1801942035431028,0.17973830907401672
1329,25829,2190,1790,380,20,0.817351598173516,0.1735159817351598,0.0091324200913242,0.8172664001184659,0.18273359988153412,0.18026249564443067
1330,25830,2191,1821,350,20,0.8311273391145596,0.1597444089456869,0.009128251939753538,0.8180943214629451,0.18190567853705486,0.17936507936507937
1331,25835,2190,1799,379,12,0.8214611872146119,0.1730593607305936,0.005479452054794521,0.8203229151236854,0.17967708487631462,0.17975614476485388
1332,25840,2188,1832,342,14,0.8372943327239488,0.1563071297989031,0.006398537477148081,0.8224527602815858,0.17754723971841424,0.17871517027863776
1333,25834,2189,1802,366,21,0.8232069438099588,0.16719963453631795,0.009593421653723162,0.8224312912067561,0.17756870879324393,0.1787953859255245
1334,25843,2189,1835,341,13,0.838282320694381,0.15577889447236182,0.005938784833257195,0.8224181360201511,0.17758186397984888,0.1778044344696823
1335,25841,2189,1807,365,17,0.8254910918227502,0.1667428049337597,0.0077661032434901784,0.8196090047393365,0.18039099526066352,0.17797298866142952
1336,25842,2190,1821,350,19,0.8315068493150685,0.1598173515981735,0.008675799086757991,0.8204900436745873,0.1795099563254127,0.1775017413512886
1337,25848,2189,1796,382,11,0.8204659661946094,0.1745089081772499,0.005025125628140704,0.821656050955414,0.17834394904458598,0.17827298050139276
1338,25856,2189,1851,326,12,0.845591594335313,0.1489264504339881,0.00548195523069895,0.8229544613106257,0.1770455386893743,0.17690284653465346
1339,25855,2189,1817,356,16,0.8300593878483326,0.1626313385107355,0.007309273640931932,0.8212910867633995,0.17870891323660054,0.17702572036356604
1340,25860,2190,1835,341,14,0.8378995433789954,0.15570776255707763,0.006392694063926941,0.8200991637682232,0.1799008362317768,0.17645011600928073
1341,25866,2190,1799,378,13,0.8214611872146119,0.1726027397260274,0.005936073059360731,0.8198091574820623,0.1801908425179377,0.17737570555942164
1342,25868,2191,1808,365,18,0.8251939753537197,0.16659059790050204,0.008215426745778184,0.8214893145012201,0.17851068549877985,0.1776712540590691
1343,25868,2189,1805,365,19,0.8245774326176336,0.1667428049337597,0.00867976244860667,0.8227894931557529,0.17721050684424713,0.17801917426936756
1344,25873,2190,1816,363,11,0.8292237442922374,0.16575342465753426,0.00502283105022831,0.8229158961461647,0.17708410385383536,0.1782166737525606
1345,25878,2191,1793,380,18,0.8183477863989046,0.17343678685531722,0.008215426745778184,0.8219856583130036,0.17801434168699637,0.17914831130690162
1346,25884,2190,1791,388,11,0.8178082191780822,0.1771689497716895,0.00502283105022831,0.820654986323649,0.179345013676351,0.1801498995518467
1347,25882,2189,1818,352,19,0.8305162174508908,0.16080402010050251,0.00867976244860667,0.8206019374399172,0.1793980625600828,0.1798547252917085
1348,25884,2191,1834,341,16,0.8370607028753994,0.1556366955727978,0.00730260155180283,0.8198817442719881,0.18011825572801182,0.17918405192396847
1349,25889,2189,1822,354,13,0.8323435358611238,0.161717679305619,0.005938784833257195,0.819801833776989,0.18019816622301094,0.17914944571053343
1350,25888,2190,1823,353,14,0.8324200913242009,0.16118721461187216,0.006392694063926941,0.8161395211350873,0.1838604788649128,0.1789632262051916
1351,25890,2190,1785,389,16,0.815068493150685,0.1776255707762557,0.0073059360730593605,0.8164079822616408,0.1835920177383592,0.1802626496716879
1352,25886,2190,1802,367,21,0.8228310502283105,0.16757990867579908,0.009589041095890411,0.816629711751663,0.18337028824833704,0.1805609209611373
1353,25885,2190,1777,393,20,0.8114155251141553,0.17945205479452056,0.0091324200913242,0.8180070963926671,0.18199290360733295,0.18195866331852426
1354,25881,2191,1837,332,22,0.8384299406663623,0.1515289821999087,0.010041077133728891,0.8187125859138276,0.1812874140861725,0.1808662725551563
1355,25886,2192,1820,359,13,0.8302919708029197,0.16377737226277372,0.005930656934306569,0.817154255319149,0.18284574468085107,0.180985861083211
1356,25874,2190,1820,346,24,0.8310502283105022,0.15799086757990868,0.010958904109589041,0.8168514412416852,0.18314855875831484,0.18049006724897582
1357,25862,2191,1789,374,28,0.8165221360109539,0.17069831127339113,0.012779552715654952,0.8159840307555818,0.18401596924441815,0.18115381641017708
1358,25866,2189,1810,364,15,0.8268615806304248,0.16628597533120146,0.006852444038373686,0.819150510581619,0.18084948941838094,0.18108714142117066
1359,25866,2190,1810,365,15,0.8264840182648402,0.16666666666666666,0.00684931506849315,0.8188743436136381,0.18112565638636197,0.1810484806309441
1360,25862,2189,1783,389,17,0.8145271813613523,0.17770671539515762,0.0077661032434901784,0.818679692125518,0.18132030787448195,0.18188848503596008
1361,25865,2188,1826,349,13,0.8345521023765996,0.15950639853747714,0.005941499085923218,0.8172799289257422,0.1827200710742578,0.18109414266383142
1362,25854,2188,1781,386,21,0.8139853747714808,0.17641681901279707,0.009597806215722121,0.8167616791293404,0.18323832087065967,0.18190608803279956
1363,25856,2189,1810,360,19,0.8268615806304248,0.16445865692096848,0.00867976244860667,0.8182289352880201,0.18177106471197987,0.18173731435643564
1364,25848,2189,1793,376,20,0.8190954773869347,0.1717679305619004,0.009136592051164915,0.8167283493708364,0.1832716506291636,0.1823351903435469
1365,25853,2190,1809,367,14,0.826027397260274,0.16757990867579908,0.006392694063926941,0.8193056480864609,0.1806943519135391,0.1824159671991645
1366,25854,2189,1769,403,17,0.8081315669255368,0.18410232983097305,0.0077661032434901784,0.8161361954108068,0.18386380458919319,0.18399473969211727
1367,25856,2189,1790,379,20,0.8177249885792599,0.17313841936957514,0.009136592051164915,0.8159940762680489,0.18400592373195113,0.18444461633663367
1368,25849,2189,1762,401,26,0.804933759707629,0.18318867062585656,0.01187756966651439,0.8142719668369235,0.18572803316307646,0.18573252350187627
1369,25857,2191,1820,359,12,0.8306709265175719,0.163852122318576,0.005476951163852123,0.8148860609647824,0.18511393903521753,0.18517229376957883
1370,25855,2190,1774,398,18,0.8100456621004566,0.1817351598173516,0.00821917808219178,0.8124722592099423,0.1875277407900577,0.18646296654418876
1371,25859,2190,1801,369,20,0.8223744292237443,0.1684931506849315,0.0091324200913242,0.8116027822998372,0.1883972177001628,0.18658880853861326
1372,25852,2189,1796,368,25,0.8204659661946094,0.16811329374143444,0.011420740063956145,0.8104507438383539,0.18954925616164606,0.18683274021352314
1373,25861,2190,1786,385,19,0.8155251141552512,0.17579908675799086,0.008675799086757991,0.8101228355779192,0.1898771644220808,0.18761842156142453
1374,25868,2191,1790,388,13,0.8169785486079416,0.1770880876312186,0.005933363760839799,0.809347729625795,0.190652270374205,0.18822483377145507
1375,25859,2190,1761,401,28,0.8041095890410959,0.18310502283105023,0.012785388127853882,0.8089638340359441,0.19103616596405593,0.1893344676901659
1376,25859,2190,1791,378,21,0.8178082191780822,0.1726027397260274,0.009589041095890411,0.8095132416037876,0.19048675839621246,0.18941181020147724
1377,25850,2190,1747,411,32,0.7977168949771689,0.18767123287671234,0.014611872146118721,0.8083894355256344,0.1916105644743656,0.19090909090909092
1378,25857,2191,1824,349,18,0.8324965769055226,0.15928799634869922,0.008215426745778184,0.8092314520304756,0.19076854796952436,0.18973585489422592
1379,25856,2190,1811,363,16,0.8269406392694064,0.16575342465753426,0.0073059360730593605,0.807843137254902,0.19215686274509805,0.18935643564356436
1380,25855,2190,1790,380,20,0.817351598173516,0.1735159817351598,0.0091324200913242,0.8091891092039065,0.1908108907960935,0.18959582285824791
1381,25852,2189,1783,388,18,0.8145271813613523,0.17724988579259937,0.008222932846048425,0.8057900192507034,0.1942099807492966,0.18984991490020114
1382,25859,2188,1775,401,12,0.8112431444241316,0.18327239488117003,0.005484460694698354,0.8088289756314347,0.19117102436856528,0.19053327661549171
1383,25864,2189,1812,363,14,0.8277752398355414,0.1658291457286432,0.006395614435815441,0.8092840749241135,0.19071592507588658,0.18964583977729663
1384,25862,2189,1779,391,19,0.8126998629511192,0.1786203746002741,0.00867976244860667,0.8086145648312612,0.1913854351687389,0.1900858402289073
1385,25867,2188,1790,384,14,0.8180987202925045,0.17550274223034734,0.006398537477148081,0.8085578916197809,0.19144210838021913,0.19012641589670237
1386,25867,2188,1806,366,16,0.8254113345521024,0.16727605118829983,0.007312614259597806,0.8076837663779702,0.19231623362202976,0.1895078671666602
1387,25855,2189,1806,354,29,0.8250342622201918,0.161717679305619,0.013248058474189127,0.8100769458419651,0.18992305415803493,0.18866756913556373
1388,25856,2190,1791,378,21,0.8178082191780822,0.1726027397260274,0.009589041095890411,0.809277206480728,0.19072279351927202,0.18866027227722773
1389,25857,2192,1824,346,22,0.8321167883211679,0.15784671532846714,0.010036496350364963,0.8107488726251201,0.18925112737487987,0.18722202885098813
1390,25855,2193,1828,344,21,0.833561331509348,0.1568627450980392,0.009575923392612859,0.8099918705195477,0.1900081294804523,0.18580545349062078
1391,25848,2191,1804,364,23,0.8233683249657691,0.16613418530351437,0.010497489730716568,0.8105629114579481,0.18943708854205193,0.18527545651501084
1392,25856,2191,1798,383,10,0.820629849383843,0.17480602464628023,0.004564125969876769,0.8107428233205091,0.18925717667949096,0.18533415841584158
1393,25850,2189,1813,350,26,0.8282320694380996,0.15989036089538602,0.01187756966651439,0.8133234641006661,0.18667653589933383,0.18425531914893617
1394,25855,2189,1808,365,16,0.8259479214253084,0.1667428049337597,0.007309273640931932,0.8166469194312796,0.18335308056872038,0.18387159156836203
1395,25855,2188,1840,336,12,0.8409506398537477,0.15356489945155394,0.005484460694698354,0.8165321087326864,0.18346789126731353,0.18228582479210984
1396,25847,2189,1809,360,20,0.8264047510278666,0.16445865692096848,0.009136592051164915,0.8168763878608438,0.18312361213915618,0.18183928502340696
1397,25843,2187,1821,347,19,0.8326474622770919,0.15866483767718337,0.008687700045724738,0.818895887365691,0.181104112634309,0.18078396470997948
1398,25833,2188,1800,366,22,0.8226691042047533,0.16727605118829983,0.010054844606946984,0.8189093064611737,0.18109069353882631,0.18046684473348043
1399,25835,2190,1818,356,16,0.8301369863013699,0.16255707762557078,0.0073059360730593605,0.8202754739336493,0.1797245260663507,0.17967873040449003
1400,25840,2190,1803,373,14,0.8232876712328767,0.17031963470319636,0.006392694063926941,0.8212249129823003,0.17877508701769976,0.17979876160990713
1401,25840,2189,1820,350,19,0.8314298766560073,0.15989036089538602,0.00867976244860667,0.8211640995260664,0.17883590047393366,0.17906346749226007
1402,25841,2189,1799,375,15,0.8218364550022842,0.17131110095934216,0.006852444038373686,0.8198651951707281,0.1801348048292719,0.17936612360202778
1403,25838,2189,1846,321,22,0.8433074463225217,0.14664230242119689,0.010050251256281407,0.8204976303317536,0.17950236966824645,0.17772273395773666
1404,25842,2189,1810,365,14,0.8268615806304248,0.1667428049337597,0.006395614435815441,0.8209496999777761,0.17905030002222386,0.1780434950855197
1405,25847,2189,1828,348,13,0.8350845134764733,0.15897670169026953,0.005938784833257195,0.8211032950758979,0.17889670492410217,0.1775447827600882
1406,25845,2189,1814,354,21,0.8286888990406578,0.161717679305619,0.009593421653723162,0.8203153920189531,0.17968460798104685,0.17744244534726253
1407,25845,2188,1851,323,14,0.8459780621572212,0.1476234003656307,0.006398537477148081,0.8213333333333334,0.17866666666666667,0.17604952602050686
1408,25848,2189,1823,354,12,0.8328003654636821,0.161717679305619,0.00548195523069895,0.8210635461413124,0.1789364538586876,0.17595171773444754
1409,25848,2189,1832,341,16,0.8369118318867063,0.15577889447236182,0.007309273640931932,0.8212910867633995,0.17870891323660054,0.17537140204271123
1410,25843,2189,1817,346,26,0.8300593878483326,0.15806304248515304,0.01187756966651439,0.8218701414081587,0.17812985859184127,0.17513446581279263
1411,25848,2190,1805,375,10,0.8242009132420092,0.17123287671232876,0.0045662100456621,0.8238211562661929,0.1761788437338071,0.1759130300216651
1412,25849,2189,1810,359,20,0.8268615806304248,0.16400182731841023,0.009136592051164915,0.8247705063665975,0.17522949363340243,0.17606096947657549
1413,25842,2190,1819,346,25,0.8305936073059361,0.15799086757990868,0.01141552511415525,0.8253404381290704,0.17465956187092954,0.1756829966720842
1414,25841,2189,1831,340,18,0.836455002284148,0.15532206486980357,0.008222932846048425,0.8268888888888889,0.1731111111111111,0.17510932239464416
1415,25842,2191,1823,352,16,0.8320401643085349,0.16065723413966226,0.00730260155180283,0.8238123427556608,0.1761876572443392,0.174947759461342
1416,25835,2190,1811,354,25,0.8269406392694064,0.16164383561643836,0.01141552511415525,0.8239692057147087,0.17603079428529128,0.17499516160247727
1417,25843,2189,1837,342,10,0.8391959798994975,0.15623572407492006,0.0045682960255824575,0.823986961997185,0.17601303800281504,0.1744766474480517
1418,25839,2189,1806,365,18,0.8250342622201918,0.1667428049337597,0.008222932846048425,0.8248407643312102,0.1751592356687898,0.17496807151979565
1419,25842,2189,1817,355,17,0.8300593878483326,0.16217450890817725,0.0077661032434901784,0.8233116113744076,0.1766883886255924,0.17506384954724866
1420,25845,2188,1841,334,13,0.8414076782449725,0.1526508226691042,0.005941499085923218,0.823158986516521,0.17684101348347903,0.17442445347262528
1421,25843,2189,1797,375,17,0.8209227957971676,0.17131110095934216,0.0077661032434901784,0.8232113760924308,0.17678862390756925,0.17548272259412606
1422,25847,2190,1806,368,16,0.8246575342465754,0.1680365296803653,0.0073059360730593605,0.8221926123325191,0.17780738766748094,0.17619066042480752
1423,25846,2188,1834,337,17,0.8382084095063985,0.1540219378427788,0.007769652650822669,0.823394325505593,0.176605674494407,0.1756558074750445
1424,25845,2189,1807,363,19,0.8254910918227502,0.1658291457286432,0.00867976244860667,0.8248407643312102,0.1751592356687898,0.1763203714451538
1425,25848,2190,1819,352,19,0.8305936073059361,0.16073059360730593,0.008675799086757991,0.8230330841536526,0.1769669158463474,0.17633859486227174
1426,25841,2191,1821,346,24,0.8311273391145596,0.15791875855773618,0.010953902327704245,0.8214576396596375,0.17854236034036255,0.17603807902170968
1427,25850,2190,1818,362,10,0.8301369863013699,0.16529680365296803,0.0045662100456621,0.8225758697261288,0.17742413027387122,0.17636363636363636
1428,25849,2190,1799,374,17,0.8214611872146119,0.17077625570776256,0.007762557077625571,0.8219755826859045,0.17802441731409546,0.17710549731130798
1429,25851,2189,1807,364,18,0.8254910918227502,0.16628597533120146,0.008222932846048425,0.8214391471720462,0.1785608528279538,0.1774786275192449
1430,25854,2188,1792,378,18,0.8190127970749543,0.17276051188299818,0.008226691042047532,0.8224098348515145,0.17759016514848552,0.17846368066836854
1431,25849,2190,1814,352,24,0.828310502283105,0.16073059360730593,0.010958904109589041,0.8219624093532633,0.17803759064673672,0.1783434562265465
1432,25853,2190,1818,352,20,0.8301369863013699,0.16073059360730593,0.0091324200913242,0.8196684919342904,0.18033150806570963,0.17839322322361043
1433,25838,2190,1800,358,32,0.821917808219178,0.1634703196347032,0.014611872146118721,0.8202604706230576,0.17973952937694243,0.17865159842093042
1434,25840,2190,1810,364,16,0.8264840182648402,0.16621004566210046,0.0073059360730593605,0.8194670614359734,0.18053293856402663,0.17894736842105263
1435,25835,2190,1803,365,22,0.8232876712328767,0.16666666666666666,0.01004566210045662,0.818659755646057,0.181340244353943,0.17933036578285272
1436,25830,2189,1775,392,22,0.8108725445408862,0.17907720420283235,0.010050251256281407,0.8192860316990076,0.18071396830099246,0.1807588075880759
1437,25835,2188,1813,357,18,0.8286106032906764,0.16316270566727606,0.008226691042047532,0.818808359270787,0.18119164072921298,0.18068511708922005
1438,25829,2189,1795,369,25,0.8200091365920512,0.16857012334399268,0.011420740063956145,0.8178047696637535,0.1821952303362465,0.18119168376630918
1439,25826,2189,1792,376,21,0.8186386477843764,0.1717679305619004,0.009593421653723162,0.8175485400918927,0.1824514599081073,0.18183226206148842
1440,25828,2188,1830,346,12,0.8363802559414991,0.15813528336380256,0.005484460694698354,0.8162614882893566,0.18373851171064334,0.18115998141551803
1441,25824,2187,1802,367,18,0.8239597622313671,0.1678097850937357,0.00823045267489712,0.8167123897086083,0.1832876102913917,0.1815752788104089
1442,25819,2187,1808,358,21,0.8267032464563329,0.16369455875628716,0.009602194787379973,0.817103018616035,0.18289698138396498,0.181532979588675
1443,25816,2188,1801,366,21,0.823126142595978,0.16727605118829983,0.009597806215722121,0.8156606851549756,0.18433931484502447,0.18174775333126744
1444,25811,2189,1837,328,24,0.8391959798994975,0.1498401096391046,0.0109639104613979,0.8163083765752409,0.1836916234247591,0.1803494634070745
1445,25811,2190,1822,352,16,0.8319634703196347,0.16073059360730593,0.0073059360730593605,0.8159727367017335,0.1840272632982664,0.1799620316919143
1446,25805,2189,1783,383,23,0.8145271813613523,0.17496573777980814,0.010507080858839652,0.8163825055596738,0.18361749444032616,0.1807789188141833
1447,25811,2189,1800,370,19,0.8222932846048424,0.16902695294655093,0.00867976244860667,0.8163552787663108,0.18364472123368922,0.18096935415133084
1448,25809,2188,1812,353,23,0.8281535648994516,0.1613345521023766,0.010511882998171846,0.8202047174009791,0.17979528259902092,0.18059591615327986
1449,25823,2189,1813,369,7,0.8282320694380996,0.16857012334399268,0.0031978072179077205,0.8206288002372831,0.1793711997627169,0.18080780699376525
1450,25822,2188,1795,374,19,0.8203839122486288,0.17093235831809872,0.008683729433272395,0.8195700518902891,0.18042994810971089,0.181163349082178
1451,25829,2189,1821,352,16,0.8318867062585655,0.16080402010050251,0.007309273640931932,0.8198057964568972,0.1801942035431028,0.18057222501839018
1452,25828,2187,1801,371,15,0.8235025148605396,0.16963877457704618,0.006858710562414266,0.8194156036784337,0.1805843963215663,0.18073408703732383
1453,25826,2188,1804,362,22,0.8244972577696527,0.16544789762340037,0.010054844606946984,0.8193137182242645,0.18068628177573556,0.18055447998141408
1454,25824,2189,1811,357,21,0.8273184102329831,0.16308816811329374,0.009593421653723162,0.8182559087204564,0.1817440912795436,0.18029739776951673
1455,25827,2190,1812,360,18,0.8273972602739726,0.1643835616438356,0.00821917808219178,0.8191111111111111,0.18088888888888888,0.18023773570294652
1456,25830,2191,1788,383,20,0.8160657234139662,0.17480602464628023,0.009128251939753538,0.8166543301258327,0.18334566987416728,0.18106852497096398
1457,25838,2190,1814,361,15,0.828310502283105,0.16484018264840183,0.00684931506849315,0.816068122917438,0.183931877082562,0.18101246226488119
1458,25840,2189,1804,365,20,0.8241206030150754,0.1667428049337597,0.009136592051164915,0.817791274720391,0.1822087252796089,0.18130804953560373
1459,25841,2189,1828,339,22,0.8350845134764733,0.15486523526724533,0.010050251256281407,0.8182760663507109,0.1817239336492891,0.1805270693858597
1460,25838,2191,1800,369,22,0.8215426745778184,0.16841624828845275,0.010041077133728891,0.8164594434576673,0.18354055654233273,0.1809737595789148
1461,25840,2190,1807,361,22,0.8251141552511415,0.16484018264840183,0.01004566210045662,0.8168492745039976,0.18315072549600236,0.18095975232198142
1462,25838,2190,1810,358,22,0.8264840182648402,0.1634703196347032,0.01004566210045662,0.8173539646109425,0.18264603538905752,0.18078024614908275
1463,25844,2189,1826,350,13,0.8341708542713567,0.15989036089538602,0.005938784833257195,0.8182356862454633,0.1817643137545367,0.18023525770004642
1464,25834,2188,1788,376,24,0.8171846435100548,0.17184643510054845,0.010968921389396709,0.8182087562041632,0.18179124379583672,0.18076952852829603
1465,25839,2189,1800,375,14,0.8222932846048424,0.17131110095934216,0.006395614435815441,0.8183097548329753,0.18169024516702467,0.1810441580556523
1466,25841,2189,1841,331,17,0.8410232983097304,0.15121059844677937,0.0077661032434901784,0.8182962962962963,0.1817037037037037,0.17975310552997176
1467,25827,2189,1803,360,26,0.8236637734125172,0.16445865692096848,0.01187756966651439,0.8190031844775235,0.18099681552247648,0.17981182483447555
1468,25836,2189,1811,364,14,0.8273184102329831,0.16628597533120146,0.006395614435815441,0.8192530013339262,0.1807469986660738,0.17986530422666047
1469,25836,2189,1816,356,17,0.8296025582457743,0.1626313385107355,0.0077661032434901784,0.8183569153270612,0.18164308467293874,0.17959436445270166
1470,25832,2189,1794,372,23,0.8195523069894929,0.16994061215166742,0.010507080858839652,0.8204919247295895,0.17950807527041043,0.17997057912666461
1471,25836,2188,1826,346,16,0.8345521023765996,0.15813528336380256,0.007312614259597806,0.8193404964801778,0.18065950351982216,0.1792460133147546
1472,25840,2189,1813,366,10,0.8282320694380996,0.16719963453631795,0.0045682960255824575,0.81956892082068,0.18043107917932005,0.17937306501547987
1473,25840,2189,1824,346,19,0.8332571950662403,0.15806304248515304,0.00867976244860667,0.82,0.18,0.1788312693498452
1474,25835,2189,1816,353,20,0.8296025582457743,0.16126084970306076,0.009136592051164915,0.8189291268606976,0.18107087313930237,0.17855622217921424
1475,25839,2189,1826,347,16,0.8341708542713567,0.1585198720877113,0.007309273640931932,0.8192592592592592,0.18074074074074073,0.1780641665699137
1476,25835,2190,1809,360,21,0.826027397260274,0.1643835616438356,0.009589041095890411,0.8199111769059956,0.18008882309400445,0.17813044319721308
1477,25834,2189,1836,334,19,0.8387391502969392,0.1525810872544541,0.00867976244860667,0.8215819878536513,0.1784180121463487,0.1771696214291244
1478,25836,2189,1824,350,15,0.8332571950662403,0.15989036089538602,0.006852444038373686,0.8204178396799526,0.17958216032004742,0.1769236723951076
1479,25840,2190,1824,351,15,0.8328767123287671,0.16027397260273973,0.00684931506849315,0.8213254350240652,0.17867456497593484,0.17662538699690403
1480,25842,2189,1812,363,14,0.8277752398355414,0.1658291457286432,0.006395614435815441,0.8214682569079191,0.1785317430920809,0.1768052008358486
1481,25848,2188,1849,329,10,0.8450639853747715,0.1503656307129799,0.004570383912248629,0.8227885612683361,0.17721143873166395,0.17560352831940576
1482,25841,2188,1828,339,21,0.8354661791590493,0.15493601462522852,0.009597806215722121,0.8240740740740741,0.17592592592592593,0.17507062420184977
1483,25844,2189,1828,347,14,0.8350845134764733,0.1585198720877113,0.006395614435815441,0.8238909871880323,0.17610901281196772,0.17474075220554094
1484,25847,2189,1815,358,16,0.8291457286432161,0.163544997715852,0.007309273640931932,0.8238038809065323,0.17619611909346763,0.17483653808952684
1485,25849,2190,1833,342,15,0.836986301369863,0.15616438356164383,0.00684931506849315,0.8250055518543193,0.17499444814568066,0.17424271731981894
1486,25845,2189,1814,354,21,0.8286888990406578,0.161717679305619,0.009593421653723162,0.8258422806368012,0.17415771936319882,0.1742309924550203
1487,25854,2190,1816,363,11,0.8292237442922374,0.16575342465753426,0.00502283105022831,0.8258938485454141,0.17410615145458583,0.17455712849075578
1488,25854,2189,1844,329,16,0.8423937871174052,0.15029693924166285,0.007309273640931932,0.825967873269672,0.17403212673032792,0.17359016012996054
1489,25851,2190,1826,347,17,0.8337899543378996,0.15844748858447488,0.007762557077625571,0.8255753718641309,0.17442462813586918,0.17341688909519942
1490,25851,2189,1812,358,19,0.8277752398355414,0.163544997715852,0.00867976244860667,0.8252276260270931,0.17477237397290696,0.17376503810297475
1491,25857,2191,1798,377,16,0.820629849383843,0.17206754906435417,0.00730260155180283,0.8245042912104172,0.1754957087895827,0.1747689213752562
1492,25859,2189,1823,352,14,0.8328003654636821,0.16080402010050251,0.006395614435815441,0.8265245707519242,0.1734754292480758,0.17479407556363355
1493,25859,2189,1836,336,17,0.8387391502969392,0.1534947464595706,0.0077661032434901784,0.8254367782055079,0.17456322179449216,0.17429134924010983
1494,25855,2189,1812,358,19,0.8277752398355414,0.163544997715852,0.00867976244860667,0.824365331951743,0.17563466804825698,0.17470508605685553
1495,25849,2190,1812,355,23,0.8273972602739726,0.16210045662100456,0.010502283105022832,0.8225281231497927,0.1774718768502072,0.17497775542574182
1496,25847,2190,1849,324,17,0.8442922374429224,0.14794520547945206,0.007762557077625571,0.8228503773864141,0.1771496226135859,0.1739466862691995
1497,25848,2190,1830,348,12,0.8356164383561644,0.1589041095890411,0.005479452054794521,0.8233770079206455,0.1766229920793545,0.17401733209532652
1498,25845,2190,1841,332,17,0.8406392694063927,0.15159817351598173,0.007762557077625571,0.8231201894612197,0.17687981053878035,0.1734571483846005
1499,25846,2189,1797,376,16,0.8209227957971676,0.1717679305619004,0.007309273640931932,0.8234335653977188,0.17656643460228114,0.17464984910624468
1500,25850,2189,1844,328,17,0.8423937871174052,0.1498401096391046,0.0077661032434901784,0.8238779440082951,0.17612205599170494,0.17377176015473889
1501,25847,2189,1797,375,17,0.8209227957971676,0.17131110095934216,0.0077661032434901784,0.8240041463053458,0.17599585369465423,0.17479784887994737
1502,25845,2189,1807,360,22,0.8254910918227502,0.16445865692096848,0.010050251256281407,0.8256459613533723,0.17435403864662768,0.1751596053395241
1503,25841,2189,1786,383,20,0.8158976701690269,0.17496573777980814,0.009136592051164915,0.8253980007404665,0.1746019992595335,0.17630896637127047
1504,25840,2189,1825,343,21,0.8337140246687985,0.1566925536774783,0.009593421653723162,0.8269017109843715,0.17309828901562846,0.17592879256965943
1505,25850,2189,1830,351,8,0.8359981726815897,0.16034719049794427,0.003654636820465966,0.8244834481226394,0.1755165518773606,0.1758220502901354
1506,25856,2188,1836,345,7,0.8391224862888482,0.1576782449725777,0.0031992687385740404,0.8242612752721618,0.17573872472783825,0.1755105198019802
1507,25858,2189,1833,344,12,0.8373686614892645,0.15714938328003655,0.00548195523069895,0.8223883912045606,0.1776116087954394,0.17514889009204115
1508,25861,2188,1817,356,15,0.8304387568555759,0.16270566727605118,0.006855575868372943,0.821251388374676,0.17874861162532396,0.17543791810061482
1509,25865,2189,1825,347,17,0.8337140246687985,0.1585198720877113,0.0077661032434901784,0.8211695040710585,0.1788304959289415,0.17533346220761648
1510,25861,2190,1792,377,21,0.8182648401826484,0.17214611872146118,0.009589041095890411,0.8206095576268678,0.17939044237313212,0.17640462472448862
1511,25864,2191,1840,334,17,0.8397991784573254,0.15244180739388408,0.007759014148790507,0.8224243768952001,0.17757562310479993,0.1757268790596969
1512,25864,2191,1811,363,17,0.8265632131446828,0.1656777727065267,0.007759014148790507,0.8208977297936848,0.17910227020631517,0.17638416331580575
1513,25866,2190,1808,364,18,0.8255707762557077,0.16621004566210046,0.00821917808219178,0.8225591715976331,0.17744082840236686,0.17695043686692957
1514,25868,2190,1818,358,14,0.8301369863013699,0.1634703196347032,0.006392694063926941,0.8214497041420118,0.17855029585798818,0.1771687026441936
1515,25860,2189,1810,353,26,0.8268615806304248,0.16126084970306076,0.01187756966651439,0.8244432936302434,0.1755567063697566,0.17722351121423047
1516,25864,2191,1825,351,15,0.8329529895025103,0.16020082154267457,0.006846188954815153,0.823338016712268,0.176661983287732,0.17700278379214351
1517,25864,2190,1797,378,15,0.8205479452054795,0.1726027397260274,0.00684931506849315,0.8224589436307146,0.1775410563692854,0.17785338694710795
1518,25858,2189,1817,348,24,0.8300593878483326,0.15897670169026953,0.0109639104613979,0.8216664200088797,0.17833357999112032,0.17743058241163276
1519,25854,2188,1835,335,18,0.8386654478976234,0.15310786106032906,0.008226691042047532,0.8210292484265087,0.1789707515734913,0.17656842268120987
1520,25851,2189,1820,352,17,0.8314298766560073,0.16080402010050251,0.0077661032434901784,0.8213043156414243,0.17869568435857577,0.1765115469420912
1521,25847,2191,1826,342,23,0.833409402099498,0.1560931081697855,0.010497489730716568,0.8193992305415804,0.18060076945841966,0.17615197121522808
1522,25838,2190,1801,368,21,0.8223744292237443,0.1680365296803653,0.009589041095890411,0.8210954848260548,0.17890451517394523,0.17679386949454293
1523,25841,2189,1811,361,17,0.8273184102329831,0.16491548652352672,0.0077661032434901784,0.8212989705991262,0.17870102940087387,0.1771216284199528
1524,25839,2189,1842,331,16,0.8414801279122888,0.15121059844677937,0.007309273640931932,0.821925925925926,0.17807407407407408,0.1761678083517164
1525,25841,2188,1802,373,13,0.823583180987203,0.17047531992687387,0.005941499085923218,0.8231806728916555,0.17681932710834444,0.1770055338415696
1526,25838,2187,1800,363,24,0.823045267489712,0.16598079561042525,0.010973936899862825,0.8224132819448562,0.17758671805514378,0.177374409784039
1527,25844,2189,1827,353,9,0.8346276838739151,0.16126084970306076,0.004111466423024212,0.822,0.178,0.17706237424547283
1528,25843,2188,1791,380,17,0.8185557586837294,0.1736745886654479,0.007769652650822669,0.8233550681683461,0.17664493183165383,0.17803660565723795
1529,25846,2188,1830,342,16,0.8363802559414991,0.1563071297989031,0.007312614259597806,0.8233812416654319,0.17661875833456808,0.1773195078542134
1530,25840,2188,1818,353,17,0.8308957952468007,0.1613345521023766,0.007769652650822669,0.8224181360201511,0.17758186397984888,0.17720588235294119
1531,25845,2190,1796,377,17,0.8200913242009132,0.17214611872146118,0.007762557077625571,0.8216216216216217,0.1783783783783784,0.17810021280711938
1532,25850,2190,1792,383,15,0.8182648401826484,0.17488584474885846,0.00684931506849315,0.8197497964320083,0.1802502035679917,0.17903288201160542
1533,25857,2190,1811,364,15,0.8269406392694064,0.16621004566210046,0.00684931506849315,0.8199378330373002,0.18006216696269983,0.17929380825308427
1534,25864,2190,1829,344,17,0.8351598173515982,0.15707762557077626,0.007762557077625571,0.820765189077185,0.17923481092281507,0.17889730900092793
1535,25865,2190,1798,378,14,0.8210045662100457,0.1726027397260274,0.006392694063926941,0.8196951760875999,0.18030482391240013,0.1798956118306592
1536,25863,2190,1828,341,21,0.8347031963470319,0.15570776255707763,0.009589041095890411,0.816628448849767,0.18337155115023301,0.17925221358697754
1537,25860,2190,1784,384,22,0.8146118721461187,0.17534246575342466,0.01004566210045662,0.81720668737979,0.1827933126202101,0.18047177107501933
1538,25864,2191,1835,336,20,0.837517115472387,0.15335463258785942,0.009128251939753538,0.8184574428751017,0.18154255712489833,0.17963192081657903
1539,25865,2191,1828,350,13,0.8343222272934733,0.1597444089456869,0.005933363760839799,0.8169045330178215,0.18309546698217852,0.17935433984148463
1540,25870,2190,1864,312,14,0.8511415525114155,0.14246575342465753,0.006392694063926941,0.8192040242639443,0.18079597573605563,0.17765751836103594
1541,25864,2190,1798,375,17,0.8210045662100457,0.17123287671232876,0.007762557077625571,0.8165680473372781,0.1834319526627219,0.1784720074234457
1542,25861,2190,1806,363,21,0.8246575342465754,0.16575342465753426,0.009589041095890411,0.8177984909010209,0.18220150909897914,0.1785700475619659
1543,25866,2190,1793,381,16,0.8187214611872146,0.17397260273972603,0.0073059360730593605,0.8194999260245599,0.18050007397544016,0.1793474058609758
1544,25865,2189,1808,361,20,0.8259479214253084,0.16491548652352672,0.009136592051164915,0.8238993710691824,0.1761006289308176,0.1793156775565436
1545,25869,2189,1863,313,13,0.8510735495660119,0.14298766560073092,0.005938784833257195,0.8229983720586059,0.1770016279413941,0.17735513549035525
1546,25868,2189,1827,351,11,0.8346276838739151,0.16034719049794427,0.005025125628140704,0.8218884120171673,0.1781115879828326,0.17709138704190505
1547,25863,2189,1839,330,20,0.840109639104614,0.1507537688442211,0.009136592051164915,0.821552808822441,0.17844719117755903,0.17592699996133473
1548,25863,2189,1820,355,14,0.8314298766560073,0.16217450890817725,0.006395614435815441,0.8203818827708703,0.17961811722912965,0.17577233886246763
1549,25861,2189,1833,340,16,0.8373686614892645,0.15532206486980357,0.007309273640931932,0.8247483718176436,0.17525162818235643,0.17497389892115542
1550,25862,2190,1825,350,15,0.8333333333333334,0.1598173515981735,0.00684931506849315,0.8238775057326725,0.17612249426732746,0.17465779908746423
1551,25861,2189,1811,363,15,0.8273184102329831,0.1658291457286432,0.006852444038373686,0.8249963001331952,0.1750036998668048,0.17497389892115542
1552,25866,2190,1802,373,15,0.8228310502283105,0.17031963470319636,0.00684931506849315,0.8227155012948576,0.17728449870514243,0.17559730920900024
1553,25865,2189,1812,357,20,0.8277752398355414,0.16308816811329374,0.009136592051164915,0.8247613409309553,0.17523865906904462,0.17568142277208584
1554,25860,2189,1851,316,22,0.845591594335313,0.14435815440840566,0.010050251256281407,0.825527192008879,0.17447280799112097,0.17424593967517402
1555,25851,2190,1839,329,22,0.8397260273972603,0.1502283105022831,0.01004566210045662,0.8264150943396227,0.17358490566037735,0.17353293876445786
1556,25851,2191,1805,372,14,0.8238247375627568,0.1697854860794158,0.006389776357827476,0.8255788150011095,0.17442118499889045,0.17442265289543923
1557,25853,2190,1803,368,19,0.8232876712328767,0.1680365296803653,0.008675799086757991,0.8230854605993341,0.17691453940066593,0.17495068270606892
1558,25852,2188,1824,349,15,0.8336380255941499,0.15950639853747714,0.006855575868372943,0.8252369668246445,0.17476303317535544,0.1747253597400588
1559,25851,2188,1824,349,15,0.8336380255941499,0.15950639853747714,0.006855575868372943,0.8254203392341308,0.1745796607658692,0.17457738578778384
1560,25845,2189,1849,320,20,0.8446779351301964,0.14618547281863864,0.009136592051164915,0.8242392833345673,0.17576071666543275,0.17334107177403754
1561,25843,2189,1794,382,13,0.8195523069894929,0.1745089081772499,0.005938784833257195,0.8225973641344587,0.17740263586554125,0.17470881863560733
1562,25844,2189,1783,386,20,0.8145271813613523,0.17633622658748288,0.009136592051164915,0.822780122935644,0.17721987706435607,0.1761724191301656
1563,25844,2189,1829,341,19,0.8355413430790315,0.15577889447236182,0.00867976244860667,0.82356862454633,0.1764313754536701,0.17582417582417584
1564,25836,2187,1788,376,23,0.8175582990397805,0.17192501143118427,0.010516689529035207,0.8266508559994071,0.1733491440005929,0.17703978944108995
1565,25836,2189,1798,371,20,0.8213796253997259,0.16948378254910917,0.009136592051164915,0.8248537362067688,0.17514626379323114,0.17773649171698405
1566,25834,2190,1785,387,18,0.815068493150685,0.17671232876712328,0.00821917808219178,0.8207728753331359,0.17922712466686408,0.17898892931795307
1567,25843,2190,1834,342,14,0.8374429223744292,0.15616438356164383,0.006392694063926941,0.8203020879609063,0.17969791203909374,0.17838486243857138
1568,25841,2188,1795,375,18,0.8203839122486288,0.17138939670932357,0.008226691042047532,0.8198118100318589,0.18018818996814107,0.17932742540923338
1569,25841,2188,1813,353,22,0.8286106032906764,0.1613345521023766,0.010054844606946984,0.8193672668000296,0.18063273319997036,0.17936612360202778
1570,25845,2189,1806,367,16,0.8250342622201918,0.1676564641388762,0.007309273640931932,0.8169900755443638,0.1830099244556362,0.17995743857612692
1571,25842,2189,1775,391,23,0.8108725445408862,0.1786203746002741,0.010507080858839652,0.8175760716665432,0.18242392833345672,0.1814875009674174
1572,25846,2191,1848,323,20,0.8434504792332268,0.1474212688270196,0.009128251939753538,0.8144612196566016,0.18553878034339846,0.18018262013464365
1573,25834,2188,1788,374,26,0.8171846435100548,0.17093235831809872,0.011882998171846435,0.8160876972076142,0.18391230279238574,0.18119532399163893
1574,25829,2189,1817,345,27,0.8300593878483326,0.1576062128825948,0.012334399269072635,0.8172122648496519,0.1827877351503481,0.180688373533625
1575,25829,2190,1786,385,19,0.8155251141552512,0.17579908675799086,0.008675799086757991,0.8142772511848341,0.18572274881516587,0.1817337101707383
1576,25831,2190,1773,396,21,0.8095890410958904,0.18082191780821918,0.009589041095890411,0.8176231025546093,0.1823768974453906,0.18311331346057064
1577,25833,2189,1778,395,16,0.812243033348561,0.1804476930105071,0.007309273640931932,0.8172592592592592,0.18274074074074073,0.18418302171640924
1578,25834,2187,1797,369,21,0.821673525377229,0.16872427983539096,0.009602194787379973,0.8196174377224199,0.18038256227758007,0.18425330959201053
1579,25833,2188,1819,347,22,0.8313528336380256,0.1585923217550274,0.010054844606946984,0.8169755374351372,0.18302446256486285,0.1835249487090156
1580,25822,2188,1797,366,25,0.8212979890310786,0.16727605118829983,0.011425959780621572,0.8155203083308628,0.18447969166913727,0.18352567578034235
1581,25825,2190,1790,383,17,0.817351598173516,0.17488584474885846,0.007762557077625571,0.8130647311509406,0.1869352688490594,0.18408518877057115
1582,25818,2189,1764,397,28,0.8058474189127456,0.18136135221562358,0.012791228871630882,0.8128472993998667,0.18715270060013336,0.18529707955689828
1583,25827,2189,1813,361,15,0.8282320694380996,0.16491548652352672,0.006852444038373686,0.8153857555769658,0.18461424442303417,0.1848840360862663
1584,25828,2188,1793,378,17,0.8194698354661791,0.17276051188299818,0.007769652650822669,0.8130189798339265,0.18698102016607354,0.18541892519746012
1585,25824,2189,1798,370,21,0.8213796253997259,0.16902695294655093,0.009593421653723162,0.8124768467066755,0.18752315329332445,0.18552509293680297
1586,25832,2190,1809,368,13,0.826027397260274,0.1680365296803653,0.005936073059360731,0.8094814814814815,0.19051851851851853,0.18554506039021368
1587,25835,2188,1776,397,15,0.8117001828153565,0.18144424131627057,0.006855575868372943,0.8111893293812523,0.18881067061874768,0.18672343719760015
1588,25831,2188,1813,351,24,0.8286106032906764,0.16042047531992687,0.010968921389396709,0.8121526491293072,0.18784735087069285,0.18597808834346327
1589,25839,2188,1831,345,12,0.8368372943327239,0.1576782449725777,0.005484460694698354,0.8134914751667902,0.1865085248332098,0.18506908162080576
1590,25828,2189,1771,391,27,0.8090452261306532,0.1786203746002741,0.012334399269072635,0.8136296296296296,0.18637037037037038,0.18599969025863405
1591,25828,2191,1765,400,26,0.8055682336832497,0.18256503879507074,0.011866727521679598,0.8107928047968022,0.18920719520319787,0.1870450673687471
1592,25838,2191,1811,365,15,0.8265632131446828,0.16659059790050204,0.006846188954815153,0.8117873537686954,0.1882126462313046,0.18643083830017804
1593,25840,2190,1814,355,21,0.828310502283105,0.16210045662100456,0.009589041095890411,0.8142910033320993,0.18570899666790078,0.1856811145510836
1594,25839,2190,1783,383,24,0.8141552511415525,0.17488584474885846,0.010958904109589041,0.8143185015177316,0.18568149848226845,0.1861140137002206
1595,25845,2190,1799,375,16,0.8214611872146119,0.17123287671232876,0.0073059360730593605,0.8118012882209225,0.18819871177907752,0.18607080673244342
1596,25842,2190,1821,347,22,0.8315068493150685,0.15844748858447488,0.01004566210045662,0.8127776132662126,0.18722238673378738,0.1850089002399195
1597,25848,2189,1831,347,11,0.836455002284148,0.1585198720877113,0.005025125628140704,0.8138467234357646,0.18615327656423547,0.18399876199319096
1598,25834,2188,1770,389,29,0.8089579524680073,0.17778793418647165,0.013254113345521023,0.8127129945177063,0.18728700548229368,0.18479523109081056
1599,25837,2189,1793,376,20,0.8190954773869347,0.1717679305619004,0.009136592051164915,0.8138518518518518,0.18614814814814815,0.18477377404497425
1600,25842,2189,1816,361,12,0.8296025582457743,0.16491548652352672,0.00548195523069895,0.8143978669826692,0.18560213301733078,0.1842349663338751
1601,25835,2189,1791,373,25,0.8181818181818182,0.17039744175422566,0.011420740063956145,0.8145734597156398,0.1854265402843602,0.18443971356686664
1602,25836,2189,1789,381,19,0.8172681589767017,0.17405207857469163,0.00867976244860667,0.8143978669826692,0.18560213301733078,0.1847422201579192
1603,25833,2189,1810,357,22,0.8268615806304248,0.16308816811329374,0.010050251256281407,0.8156705917203584,0.18432940827964156,0.18414431153950372
1604,25836,2190,1836,338,16,0.8383561643835616,0.154337899543379,0.0073059360730593605,0.815966822187662,0.184033177812338,0.18288434742220158
1605,25838,2189,1837,337,15,0.8391959798994975,0.15395157606212884,0.006852444038373686,0.8147819003184478,0.18521809968155226,0.1817091106122765
1606,25840,2190,1802,372,16,0.8228310502283105,0.16986301369863013,0.0073059360730593605,0.8148833765272121,0.18511662347278784,0.18188854489164086
1607,25839,2188,1822,344,22,0.8327239488117002,0.15722120658135283,0.010054844606946984,0.8160195613515115,0.18398043864848845,0.18081195092689345
1608,25841,2189,1821,351,17,0.8318867062585655,0.16034719049794427,0.0077661032434901784,0.8168283830827346,0.18317161691726538,0.1801787856507101
1609,25842,2188,1797,373,18,0.8212979890310786,0.17047531992687387,0.008226691042047532,0.8176161197125713,0.1823838802874287,0.18048138688955964
1610,25849,2190,1814,365,11,0.828310502283105,0.16666666666666666,0.00502283105022831,0.8185048112509252,0.18149518874907475,0.18031645324770784
1611,25839,2189,1830,335,24,0.8359981726815897,0.15303791685701235,0.0109639104613979,0.8203628285820067,0.17963717141799335,0.17910909864932853
1612,25844,2189,1806,373,10,0.8250342622201918,0.17039744175422566,0.0045682960255824575,0.821037037037037,0.17896296296296296,0.17942268998607028
1613,25840,2189,1842,327,20,0.8414801279122888,0.14938328003654636,0.009136592051164915,0.8209419431279621,0.1790580568720379,0.17794117647058824
1614,25842,2190,1815,361,14,0.8287671232876712,0.16484018264840183,0.006392694063926941,0.8219309936324597,0.17806900636754036,0.1778500116090086
1615,25848,2189,1794,383,12,0.8195523069894929,0.17496573777980814,0.00548195523069895,0.8232854391941935,0.17671456080580655,0.1785437944908697
1616,25852,2190,1800,373,17,0.821917808219178,0.17031963470319636,0.007762557077625571,0.8211695040710585,0.1788304959289415,0.17874825932229615
1617,25851,2189,1825,345,19,0.8337140246687985,0.1576062128825948,0.00867976244860667,0.821978672985782,0.17802132701421802,0.17802019264245098
1618,25855,2188,1809,364,15,0.826782449725777,0.1663619744058501,0.006855575868372943,0.8225579500851663,0.17744204991483373,0.17826339199381164
1619,25860,2191,1806,371,14,0.8242811501597445,0.16932907348242812,0.006389776357827476,0.8201657049859447,0.17983429501405535,0.17869296210363494
1620,25858,2191,1817,352,22,0.8293016887266088,0.16065723413966226,0.010041077133728891,0.8188609467455621,0.18113905325443788,0.1785520921958388
1621,25860,2190,1851,321,18,0.8452054794520548,0.14657534246575343,0.00821917808219178,0.8205223052452467,0.17947769475475328,0.17726218097447796
1622,25856,2190,1794,377,19,0.8191780821917808,0.17214611872146118,0.008675799086757991,0.8204217536071032,0.17957824639289677,0.17825649752475248
1623,25857,2192,1811,359,22,0.8261861313868614,0.16377737226277372,0.010036496350364963,0.8184506209343584,0.18154937906564164,0.17836562632942723
1624,25862,2190,1821,355,14,0.8315068493150685,0.16210045662100456,0.006392694063926941,0.8195605533772287,0.18043944662277134,0.17825380867682314
1625,25866,2190,1806,371,13,0.8246575342465754,0.16940639269406393,0.005936073059360731,0.8201790073230268,0.17982099267697316,0.17876749400757752
1626,25872,2190,1818,359,13,0.8301369863013699,0.1639269406392694,0.005936073059360731,0.8191166678996818,0.18088333210031812,0.17876468769325912
1627,25867,2188,1839,329,20,0.8404936014625228,0.1503656307129799,0.009140767824497258,0.8205640683988452,0.17943593160115479,0.17763946340897668
1628,25869,2188,1804,372,12,0.8244972577696527,0.170018281535649,0.005484460694698354,0.8216612377850163,0.1783387622149837,0.1783215431597665
1629,25863,2190,1814,352,24,0.828310502283105,0.16073059360730593,0.010958904109589041,0.820105037354834,0.17989496264516605,0.178130920620191
1630,25861,2190,1822,350,18,0.8319634703196347,0.1598173515981735,0.00821917808219178,0.8204274831743215,0.17957251682567857,0.17779668226286688
1631,25858,2189,1835,335,19,0.838282320694381,0.15303791685701235,0.00867976244860667,0.8228110428539709,0.17718895714602917,0.17685049114393997
1632,25851,2191,1802,368,21,0.8224554997717937,0.16795983569146508,0.009584664536741214,0.8215976331360947,0.17840236686390532,0.17724652818072803
1633,25851,2190,1812,359,19,0.8273972602739726,0.1639269406392694,0.008675799086757991,0.8199778024417315,0.1800221975582686,0.1771691617345557
1634,25839,2190,1782,380,28,0.8136986301369863,0.1735159817351598,0.012785388127853882,0.8216400236826524,0.17835997631734754,0.1780641665699137
1635,25844,2190,1816,357,17,0.8292237442922374,0.16301369863013698,0.007762557077625571,0.8230809090236139,0.1769190909763861,0.17791363566011453
1636,25843,2190,1824,349,17,0.8328767123287671,0.1593607305936073,0.007762557077625571,0.8221794492152799,0.17782055078472017,0.17761095848005262
1637,25833,2189,1808,358,23,0.8259479214253084,0.163544997715852,0.010507080858839652,0.8227538700836975,0.1772461299163025,0.17775713235009483
1638,25833,2188,1802,370,16,0.823583180987203,0.16910420475319926,0.007312614259597806,0.8212008895478132,0.1787991104521868,0.17829907482677196
1639,25832,2188,1776,395,17,0.8117001828153565,0.18053016453382084,0.007769652650822669,0.8196976433970654,0.18030235660293464,0.1796995973985754
1640,25843,2188,1815,362,11,0.8295246800731262,0.16544789762340037,0.005027422303473492,0.8210393654088517,0.17896063459114833,0.17973919436597918
1641,25844,2187,1782,392,13,0.8148148148148148,0.17924096936442616,0.00594421582075903,0.8206344500444708,0.1793655499555292,0.18112521281535365
1642,25847,2188,1790,381,17,0.8180987202925045,0.17413162705667276,0.007769652650822669,0.8193538826318909,0.18064611736810907,0.18199404186172477
1643,25846,2188,1798,373,17,0.8217550274223034,0.17047531992687387,0.007769652650822669,0.8157173542700541,0.18428264572994593,0.18254275323067398
1644,25840,2189,1795,369,25,0.8200091365920512,0.16857012334399268,0.011420740063956145,0.8161421695668271,0.1838578304331729,0.18301083591331269
1645,25849,2190,1783,393,14,0.8141552511415525,0.17945205479452056,0.006392694063926941,0.8141376757957068,0.1858623242042931,0.18437850593833416
1646,25852,2191,1805,365,21,0.8238247375627568,0.16659059790050204,0.009584664536741214,0.8140722107132288,0.18592778928677123,0.1845118366083862
1647,25852,2191,1802,368,21,0.8224554997717937,0.16795983569146508,0.009584664536741214,0.8130778903765071,0.18692210962349287,0.18482129042240444
1648,25846,2190,1789,375,26,0.8168949771689498,0.17123287671232876,0.011872146118721462,0.8119727689803167,0.1880272310196833,0.18536717480461193
1649,25849,2192,1822,351,19,0.8312043795620438,0.16012773722627738,0.008667883211678832,0.8099534127042816,0.1900465872957184,0.18484274053154862
1650,25844,2191,1782,384,25,0.8133272478320401,0.17526243724326793,0.011410314924691922,0.810400946885634,0.18959905311436603,0.18561368209255533
1651,25854,2191,1823,354,14,0.8320401643085349,0.1615700593336376,0.006389776357827476,0.8120606733259341,0.18793932667406585,0.18503906552177612
1652,25850,2189,1819,350,20,0.8309730470534491,0.15989036089538602,0.009136592051164915,0.8111629284180917,0.18883707158190835,0.18444874274661507
1653,25843,2189,1793,371,25,0.8190954773869347,0.16948378254910917,0.011420740063956145,0.8136383829409152,0.18636161705908486,0.18461478930464728
1654,25840,2189,1829,338,22,0.8355413430790315,0.15440840566468708,0.010050251256281407,0.8133748055987559,0.18662519440124417,0.1833204334365325
1655,25841,2190,1794,382,14,0.8191780821917808,0.17442922374429223,0.006392694063926941,0.8146749592773582,0.18532504072264178,0.18373901938779458
1656,25845,2190,1800,372,18,0.821917808219178,0.16986301369863013,0.00821917808219178,0.8159336591144677,0.18406634088553236,0.18363319791062102
1657,25840,2188,1778,389,21,0.8126142595978062,0.17778793418647165,0.009597806215722121,0.8169222790249685,0.1830777209750315,0.18421052631578946
1658,25840,2187,1813,357,17,0.828989483310471,0.16323731138545952,0.007773205304069501,0.818545697131421,0.18145430286857905,0.18343653250773995
1659,25834,2188,1770,396,22,0.8089579524680073,0.1809872029250457,0.010054844606946984,0.8176026077937473,0.18239739220625278,0.18433072694898195
1660,25830,2190,1804,363,23,0.8237442922374429,0.16575342465753426,0.010502283105022832,0.8177442049914834,0.18225579500851663,0.18385598141695703
1661,25823,2189,1808,357,24,0.8259479214253084,0.16308816811329374,0.0109639104613979,0.8154074074074074,0.18459259259259259,0.1832862177128916
1662,25825,2189,1817,352,20,0.8300593878483326,0.16080402010050251,0.009136592051164915,0.8172050978067575,0.18279490219324243,0.18265246853823813
1663,25827,2189,1819,354,16,0.8309730470534491,0.161717679305619,0.007309273640931932,0.8144497962208225,0.18555020377917747,0.18217369419599644
1664,25831,2189,1805,368,16,0.8245774326176336,0.16811329374143444,0.007309273640931932,0.813662295324887,0.186337704675113,0.1823003368046146
1665,25832,2189,1803,369,17,0.8236637734125172,0.16857012334399268,0.0077661032434901784,0.8145513817885456,0.1854486182114544,0.18240941467946734
1666,25828,2189,1781,386,22,0.8136135221562357,0.17633622658748288,0.010050251256281407,0.8139259259259259,0.1860740740740741,0.18321201796499922
1667,25834,2189,1795,380,14,0.8200091365920512,0.17359524897213338,0.006395614435815441,0.8156354205261208,0.18436457947387921,0.1837113880932105
1668,25831,2188,1814,350,24,0.8290676416819013,0.15996343692870202,0.010968921389396709,0.8159318266024453,0.18406817339755466,0.18311331346057064
1669,25822,2189,1815,348,26,0.8291457286432161,0.15897670169026953,0.01187756966651439,0.8170975627824283,0.18290243721757168,0.1825575091007668
1670,25829,2190,1806,370,14,0.8246575342465754,0.1689497716894977,0.006392694063926941,0.8153937328691014,0.1846062671308986,0.18270161446436176
1671,25823,2190,1800,367,23,0.821917808219178,0.16757990867579908,0.010502283105022832,0.8162494445267368,0.18375055547326322,0.18258916469813732
1672,25825,2189,1809,363,17,0.8264047510278666,0.1658291457286432,0.0077661032434901784,0.8171310017783047,0.1828689982216953,0.18230396902226526
1673,25822,2188,1799,367,22,0.8222120658135283,0.16773308957952468,0.010054844606946984,0.8176697302104952,0.1823302697895049,0.18228642243048562
1674,25823,2190,1813,356,21,0.8278538812785388,0.16255707762557078,0.009589041095890411,0.8166666666666667,0.18333333333333332,0.18173721101343762
1675,25828,2190,1805,370,15,0.8242009132420092,0.1689497716894977,0.00684931506849315,0.8158986516520966,0.1841013483479034,0.1817794641474369
1676,25825,2189,1844,324,21,0.8423937871174052,0.14801279122887162,0.009593421653723162,0.8161949918506446,0.18380500814935546,0.18017424975798646
1677,25824,2189,1778,391,20,0.812243033348561,0.1786203746002741,0.009136592051164915,0.8162751056103165,0.18372489438968354,0.1813816604708798
1678,25831,2188,1814,360,14,0.8290676416819013,0.16453382084095064,0.006398537477148081,0.8181481206909333,0.18185187930906666,0.18113894158182028
1679,25828,2187,1849,318,20,0.8454503886602652,0.14540466392318244,0.009144947416552356,0.8186536180308422,0.18134638196915778,0.1794564039027412
1680,25827,2188,1818,355,15,0.8308957952468007,0.16224862888482633,0.006855575868372943,0.8203987843747683,0.17960121562523162,0.17926975645642157
1681,25824,2190,1773,395,22,0.8095890410958904,0.18036529680365296,0.01004566210045662,0.8177777777777778,0.18222222222222223,0.18045229244114003
1682,25823,2189,1817,348,24,0.8300593878483326,0.15897670169026953,0.0109639104613979,0.8183299992590947,0.1816700007409054,0.17960732680168842
1683,25832,2189,1812,366,11,0.8277752398355414,0.16719963453631795,0.005025125628140704,0.8213279976285757,0.17867200237142433,0.1796221740476928
1684,25834,2188,1800,372,16,0.8226691042047533,0.170018281535649,0.007312614259597806,0.8217726396917149,0.17822736030828518,0.1799179376016103
1685,25832,2189,1797,370,22,0.8209227957971676,0.16902695294655093,0.010050251256281407,0.8197304103095837,0.18026958969041623,0.18016413750387117
1686,25836,2189,1812,359,18,0.8277752398355414,0.16400182731841023,0.008222932846048425,0.8202696695806786,0.17973033041932138,0.18005883263663106
1687,25834,2189,1806,361,22,0.8250342622201918,0.16491548652352672,0.010050251256281407,0.8204577438708244,0.17954225612917563,0.18011148099403887
1688,25836,2190,1799,373,18,0.8214611872146119,0.17031963470319636,0.00821917808219178,0.8177846882866874,0.1822153117133126,0.18048459513856635
1689,25835,2189,1812,358,19,0.8277752398355414,0.163544997715852,0.00867976244860667,0.8188550692438717,0.18114493075612828,0.1802593381072189
1690,25829,2189,1809,357,23,0.8264047510278666,0.16308816811329374,0.010507080858839652,0.8189763721205836,0.18102362787941634,0.18014634712919586
1691,25829,2189,1833,337,19,0.8373686614892645,0.15395157606212884,0.00867976244860667,0.8167407407407408,0.18325925925925926,0.17929459135080722
1692,25830,2190,1822,353,15,0.8319634703196347,0.16118721461187216,0.00684931506849315,0.8155828766108725,0.18441712338912752,0.1791715060007743
1693,25828,2189,1780,387,22,0.8131566925536775,0.17679305619004113,0.010050251256281407,0.8176901992740203,0.18230980072597971,0.18038562800061947
1694,25832,2190,1801,368,21,0.8223744292237443,0.1680365296803653,0.009589041095890411,0.8172727946078068,0.18272720539219317,0.18066738928460824
1695,25830,2189,1801,366,22,0.8227501142074006,0.16719963453631795,0.010050251256281407,0.8189093064611737,0.18109069353882631,0.18099109562524196
1696,25831,2189,1811,359,19,0.8273184102329831,0.16400182731841023,0.00867976244860667,0.8200474144317677,0.17995258556823232,0.18086794936316827
1697,25835,2190,1832,341,17,0.8365296803652968,0.15570776255707763,0.007762557077625571,0.8188282349455596,0.1811717650544404,0.18006580220630927
1698,25835,2189,1835,338,16,0.838282320694381,0.15440840566468708,0.007309273640931932,0.8182828357656122,0.18171716423438775,0.17909812270176118
1699,25833,2189,1830,342,17,0.8359981726815897,0.15623572407492006,0.0077661032434901784,0.81810772764318,0.18189227235682004,0.17826036464986644
1700,25823,2188,1787,379,22,0.81672760511883,0.17321755027422303,0.010054844606946984,0.8190172682131476,0.18098273178685245,0.17894899895442049
1701,25824,2189,1778,391,20,0.812243033348561,0.1786203746002741,0.009136592051164915,0.8200815116709893,0.17991848832901075,0.17998760842627012
1702,25831,2190,1807,366,17,0.8251141552511415,0.16712328767123288,0.007762557077625571,0.8213068602755964,0.17869313972440362,0.17997754635902596
1703,25834,2190,1794,377,19,0.8191780821917808,0.17214611872146118,0.008675799086757991,0.8210635461413124,0.1789364538586876,0.18057598513586745
1704,25833,2189,1797,372,20,0.8209227957971676,0.16994061215166742,0.009136592051164915,0.8193806489850348,0.18061935101496518,0.18097007703325205
1705,25838,2189,1820,354,15,0.8314298766560073,0.161717679305619,0.006852444038373686,0.8189361386872129,0.18106386131278707,0.18066413809118353
1706,25834,2189,1800,365,24,0.8222932846048424,0.1667428049337597,0.0109639104613979,0.8191111111111111,0.18088888888888888,0.1809243632422389
1707,25840,2190,1819,358,13,0.8305936073059361,0.1634703196347032,0.005936073059360731,0.8183635690485006,0.18163643095149945,0.18080495356037152
1708,25843,2189,1843,333,13,0.841936957514847,0.15212425765189586,0.005938784833257195,0.8174614928909952,0.18253850710900474,0.17970049916805325
1709,25851,2189,1830,350,9,0.8359981726815897,0.15989036089538602,0.004111466423024212,0.8168690758293838,0.1831309241706161,0.17933542222738
1710,25844,2188,1813,353,22,0.8286106032906764,0.1613345521023766,0.010054844606946984,0.8153333333333334,0.18466666666666667,0.17915183408141155
1711,25840,2189,1795,373,21,0.8200091365920512,0.17039744175422566,0.009593421653723162,0.8146612365790448,0.1853387634209552,0.1796826625386997
1712,25852,2190,1844,335,11,0.8420091324200913,0.15296803652968036,0.00502283105022831,0.8176030794285292,0.18239692057147086,0.1786708958687916
1713,25853,2191,1827,346,18,0.8338658146964856,0.15791875855773618,0.008215426745778184,0.8200784197676999,0.17992158023230007,0.17831586276254208
1714,25857,2190,1828,347,15,0.8347031963470319,0.15844748858447488,0.00684931506849315,0.820664643623714,0.17933535637628598,0.1779788838612368
1715,25853,2189,1809,360,20,0.8264047510278666,0.16445865692096848,0.009136592051164915,0.820712117847361,0.179287882152639,0.17800642091826868
1716,25853,2190,1851,321,18,0.8452054794520548,0.14657534246575343,0.00821917808219178,0.8230461811722913,0.1769538188277087,0.1763431710052992
1717,25848,2189,1807,364,18,0.8254910918227502,0.16628597533120146,0.008222932846048425,0.8236121391561806,0.17638786084381938,0.1764159702878366
1718,25857,2191,1816,361,14,0.8288452761296212,0.16476494751255136,0.006389776357827476,0.8246652363690168,0.17533476363098321,0.1761998685075608
1719,25851,2189,1819,348,22,0.8309730470534491,0.15897670169026953,0.010050251256281407,0.8243783303730018,0.1756216696269982,0.17566051603419597
1720,25850,2189,1803,368,18,0.8236637734125172,0.16811329374143444,0.008222932846048425,0.8251406573882144,0.1748593426117856,0.17593810444874275
1721,25847,2189,1819,349,21,0.8309730470534491,0.15943353129282778,0.009593421653723162,0.8241392077008516,0.17586079229914847,0.17557163307153634
1722,25849,2190,1833,346,11,0.836986301369863,0.15799086757990868,0.00502283105022831,0.8238123427556608,0.1761876572443392,0.17513250029014663
1723,25851,2189,1823,351,15,0.8328003654636821,0.16034719049794427,0.006852444038373686,0.8252146875925378,0.17478531240746226,0.17508026768790375
1724,25851,2189,1818,352,19,0.8305162174508908,0.16080402010050251,0.00867976244860667,0.8231156523026802,0.1768843476973197,0.17515763413407606
1725,25847,2188,1849,318,21,0.8450639853747715,0.1453382084095064,0.009597806215722121,0.8229151236853799,0.17708487631462005,0.17390799705962007
1726,25846,2189,1819,355,15,0.8309730470534491,0.16217450890817725,0.006852444038373686,0.8231156523026802,0.1768843476973197,0.17418556062833707
1727,25846,2190,1812,361,17,0.8273972602739726,0.16484018264840183,0.007762557077625571,0.8236600533017471,0.1763399466982529,0.1746111583997524
1728,25847,2190,1835,340,15,0.8378995433789954,0.1552511415525114,0.00684931506849315,0.8220313888066331,0.1779686111933669,0.17417882152667621
1729,25836,2188,1806,361,21,0.8254113345521024,0.1649908592321755,0.009597806215722121,0.8248148148148148,0.1751851851851852,0.17464003715745471
1730,25840,2188,1834,338,16,0.8382084095063985,0.15447897623400367,0.007312614259597806,0.8251204149685069,0.17487958503149315,0.17418730650154798
1731,25842,2189,1846,331,12,0.8433074463225217,0.15121059844677937,0.00548195523069895,0.824396385720634,0.17560361427936602,0.1735159817351598
1732,25847,2189,1823,354,12,0.8328003654636821,0.161717679305619,0.00548195523069895,0.8259646004591572,0.17403539954084277,0.17379192943088173
1733,25850,2189,1840,333,16,0.8405664687071722,0.15212425765189586,0.007309273640931932,0.8251147638086777,0.17488523619132237,0.17311411992263057
1734,25842,2188,1822,346,20,0.8327239488117002,0.15813528336380256,0.009140767824497258,0.8255073322470745,0.1744926677529255,0.1729742280009287
1735,25850,2189,1869,309,11,0.8538145271813613,0.14116034719049794,0.005025125628140704,0.826718009478673,0.173281990521327,0.17129593810444874
1736,25848,2190,1791,383,16,0.8178082191780822,0.17488584474885846,0.0073059360730593605,0.8265729089563286,0.17342709104367135,0.17274063757350666
1737,25853,2190,1839,334,17,0.8397260273972603,0.15251141552511416,0.007762557077625571,0.8259936348160758,0.1740063651839242,0.17193362472440335
1738,25852,2189,1851,321,17,0.845591594335313,0.14664230242119689,0.0077661032434901784,0.8264120216152195,0.17358797838478052,0.17093455051833514
1739,25855,2189,1808,370,11,0.8259479214253084,0.16902695294655093,0.005025125628140704,0.8296076980014804,0.17039230199851962,0.17192032488880293
1740,25859,2190,1842,331,17,0.8410958904109589,0.15114155251141553,0.007762557077625571,0.8269074224820543,0.17309257751794568,0.17127499129896748
1741,25865,2190,1812,369,9,0.8273972602739726,0.1684931506849315,0.00410958904109589,0.828486866444691,0.17151313355530892,0.17220181712739224
1742,25866,2189,1838,336,15,0.8396528095020558,0.1534947464595706,0.006852444038373686,0.8295715237179013,0.17042847628209873,0.17169256939611846
1743,25863,2189,1838,333,18,0.8396528095020558,0.15212425765189586,0.008222932846048425,0.8271678011245931,0.17283219887540693,0.17120983644588794
1744,25859,2189,1821,349,19,0.8318867062585655,0.15943353129282778,0.00867976244860667,0.8285227945529899,0.17147720544701006,0.17142967632159017
1745,25858,2191,1822,346,23,0.8315837517115472,0.15791875855773618,0.010497489730716568,0.826405325443787,0.17359467455621302,0.17147497872998685
1746,25863,2192,1848,330,14,0.843065693430657,0.15054744525547445,0.006386861313868613,0.8270737838237469,0.17292621617625314,0.17090051424815372
1747,25862,2191,1793,379,19,0.8183477863989046,0.17298037425832952,0.00867183934276586,0.8258393728738352,0.17416062712616476,0.17241512644033719
1748,25867,2190,1861,313,16,0.8497716894977169,0.14292237442922373,0.0073059360730593605,0.8276857058301272,0.17231429416987273,0.17114470174353424
1749,25860,2188,1806,363,19,0.8254113345521024,0.16590493601462522,0.008683729433272395,0.8270170244263508,0.17298297557364914,0.17215777262180976
1750,25865,2190,1834,341,15,0.8374429223744292,0.15570776255707763,0.00684931506849315,0.8267850536440992,0.17321494635590085,0.17204716798762806
1751,25864,2189,1828,347,14,0.8350845134764733,0.1585198720877113,0.006395614435815441,0.8258584961515689,0.17414150384843102,0.1721698113207547
1752,25864,2189,1845,331,13,0.8428506167199634,0.15121059844677937,0.005938784833257195,0.8271650629163583,0.17283493708364175,0.17158985462418805
1753,25857,2187,1847,324,16,0.84453589391861,0.14814814814814814,0.007315957933241884,0.8271979853344197,0.17280201466558032,0.17086282244653286
1754,25849,2188,1828,342,18,0.8354661791590493,0.1563071297989031,0.008226691042047532,0.8269273494778938,0.1730726505221062,0.17087701651901427
1755,25847,2189,1806,361,22,0.8250342622201918,0.16491548652352672,0.010050251256281407,0.8262125138837467,0.17378748611625325,0.17158664448485317
1756,25856,2190,1829,348,13,0.8351598173515982,0.1589041095890411,0.005936073059360731,0.8272646536412078,0.17273534635879217,0.17172029702970298
1757,25852,2190,1811,361,18,0.8269406392694064,0.16484018264840183,0.00821917808219178,0.8286221696018944,0.17137783039810567,0.1723270926814173
1758,25857,2189,1831,345,13,0.836455002284148,0.1576062128825948,0.005938784833257195,0.8278797749481789,0.17212022505182115,0.17221642108519936
1759,25852,2188,1838,333,17,0.840036563071298,0.15219378427787933,0.007769652650822669,0.8286920456228707,0.1713079543771293,0.17178554850688535
1760,25857,2189,1827,349,13,0.8346276838739151,0.15943353129282778,0.005938784833257195,0.8268177106471198,0.17318228935288021,0.17202304985110414
1761,25850,2189,1844,322,23,0.8423937871174052,0.14709913202375513,0.010507080858839652,0.8267693218833284,0.17323067811667162,0.17121856866537719
1762,25850,2190,1813,360,17,0.8278538812785388,0.1643835616438356,0.007762557077625571,0.8264988897113249,0.17350111028867504,0.17191489361702128
1763,25847,2189,1842,327,20,0.8414801279122888,0.14938328003654636,0.009136592051164915,0.8272747464277782,0.17272525357222182,0.17116106317947924
1764,25846,2190,1814,361,15,0.828310502283105,0.16484018264840183,0.00684931506849315,0.8263379968909615,0.17366200310903843,0.17186411823879905
1765,25845,2189,1796,378,15,0.8204659661946094,0.1726815897670169,0.006852444038373686,0.8265699052132701,0.17343009478672985,0.1730702263493906
1766,25844,2189,1853,320,16,0.8465052535404294,0.14618547281863864,0.007309273640931932,0.8255460940392447,0.17445390596075527,0.1720321931589537
1767,25838,2189,1842,327,20,0.8414801279122888,0.14938328003654636,0.009136592051164915,0.8275810990964302,0.17241890090356984,0.1715303042031117
1768,25841,2189,1819,355,15,0.8309730470534491,0.16217450890817725,0.006852444038373686,0.8267664049770405,0.17323359502295957,0.17212956154947565
1769,25842,2190,1823,351,16,0.8324200913242009,0.16027397260273973,0.0073059360730593605,0.8254978899829718,0.1745021100170282,0.1723937775713954
1770,25840,2189,1813,356,20,0.8282320694380996,0.1626313385107355,0.009136592051164915,0.8270142180094787,0.17298578199052134,0.1728328173374613
1771,25846,2189,1812,365,12,0.8277752398355414,0.1667428049337597,0.00548195523069895,0.8274814814814815,0.17251851851851852,0.17345043720498338
1772,25839,2188,1781,384,23,0.8139853747714808,0.17550274223034734,0.010511882998171846,0.8270983035780428,0.17290169642195719,0.17481326676728975
1773,25848,2190,1834,342,14,0.8374429223744292,0.15616438356164383,0.006392694063926941,0.8256201406886339,0.17437985931136615,0.17444289693593315
1774,25853,2188,1820,357,11,0.8318098720292505,0.16316270566727606,0.005027422303473492,0.8257295215523626,0.17427047844763738,0.17487332224500057
1775,25848,2190,1787,382,21,0.8159817351598173,0.17442922374429223,0.009589041095890411,0.8234902309058615,0.17650976909413854,0.17629990714948932
1776,25850,2189,1815,357,17,0.8291457286432161,0.16308816811329374,0.0077661032434901784,0.8218569524655709,0.17814304753442914,0.1765570599613153
1777,25856,2189,1837,340,12,0.8391959798994975,0.15532206486980357,0.00548195523069895,0.823904028436019,0.17609597156398105,0.17624535891089108
1778,25853,2189,1821,350,18,0.8318867062585655,0.15989036089538602,0.008222932846048425,0.8219705381597453,0.17802946184025464,0.17642053146636755
1779,25848,2190,1780,388,22,0.8127853881278538,0.1771689497716895,0.01004566210045662,0.8186056838365897,0.1813943161634103,0.1780021665119158
1780,25832,2190,1812,342,36,0.8273972602739726,0.15616438356164383,0.01643835616438356,0.8184307920059215,0.18156920799407847,0.17760916692474452
1781,25848,2192,1823,358,11,0.8316605839416058,0.1633211678832117,0.005018248175182482,0.8192985052538109,0.18070149474618913,0.1779634787991334
1782,25845,2191,1826,344,21,0.833409402099498,0.15700593336376084,0.009584664536741214,0.8197085152030776,0.1802914847969224,0.17782936738247243
1783,25838,2191,1802,365,24,0.8224554997717937,0.16659059790050204,0.010953902327704245,0.8180405505401805,0.18195944945981946,0.1784580849910984
1784,25845,2189,1801,373,15,0.8227501142074006,0.17039744175422566,0.006852444038373686,0.8204444444444444,0.17955555555555555,0.1791835945057071
1785,25851,2189,1803,372,14,0.8236637734125172,0.16994061215166742,0.006395614435815441,0.8196964087375046,0.18030359126249537,0.17979962090441376
1786,25849,2188,1812,358,18,0.8281535648994516,0.1636197440585009,0.008226691042047532,0.8203836752833124,0.17961632471668765,0.179774846222291
1787,25846,2188,1830,339,19,0.8363802559414991,0.15493601462522852,0.008683729433272395,0.8212936208046232,0.17870637919537674,0.17890582682039774
1788,25840,2188,1814,356,18,0.8290676416819013,0.16270566727605118,0.008226691042047532,0.8203096066958003,0.1796903933041997,0.17879256965944273
1789,25826,2189,1811,351,27,0.8273184102329831,0.16034719049794427,0.012334399269072635,0.8183838234204873,0.18161617657951262,0.17842484318129018
1790,25829,2189,1809,363,17,0.8264047510278666,0.1658291457286432,0.0077661032434901784,0.8181212031412061,0.1818787968587939,0.17859770025939836
1791,25824,2189,1818,351,20,0.8305162174508908,0.16034719049794427,0.009136592051164915,0.820970729899963,0.17902927010003705,0.17824504337050806
1792,25832,2191,1808,369,14,0.8251939753537197,0.16841624828845275,0.006389776357827476,0.820376129127795,0.17962387087220494,0.17865438216165996
1793,25832,2188,1803,367,18,0.8240402193784278,0.16773308957952468,0.008226691042047532,0.8205869275233437,0.1794130724766563,0.17896407556519045
1794,25833,2189,1798,375,16,0.8213796253997259,0.17131110095934216,0.007309273640931932,0.8195288190843087,0.18047118091569123,0.17953780048774823
1795,25846,2189,1820,360,9,0.8314298766560073,0.16445865692096848,0.004111466423024212,0.8204045343409646,0.17959546565903534,0.17948618741778224
1796,25849,2188,1830,344,14,0.8363802559414991,0.15722120658135283,0.006398537477148081,0.8205793021705311,0.17942069782946884,0.17892374946806452
1797,25834,2187,1765,395,27,0.8070416095107453,0.18061271147690902,0.012345679012345678,0.8207484253427195,0.17925157465728048,0.1804211504219246
1798,25826,2189,1798,363,28,0.8213796253997259,0.1658291457286432,0.012791228871630882,0.8196769891835828,0.18032301081641725,0.1804383179741346
1799,25831,2191,1839,334,18,0.8393427658603377,0.15244180739388408,0.008215426745778184,0.8187472234562416,0.18125277654375832,0.17943556192172197
1800,25833,2191,1809,366,16,0.8256503879507074,0.16704701049748974,0.00730260155180283,0.8194804233587447,0.18051957664125529,0.17973135137227578
1801,25835,2191,1818,352,21,0.8297581013235965,0.16065723413966226,0.009584664536741214,0.8166346011543585,0.18336539884564157,0.17948519450358041
1802,25840,2190,1827,348,15,0.8342465753424657,0.1589041095890411,0.00684931506849315,0.8164383561643835,0.18356164383561643,0.17902476780185758
1803,25846,2190,1808,365,17,0.8255707762557077,0.16666666666666666,0.007762557077625571,0.8177241430369439,0.1822758569630562,0.17937011529830535
1804,25843,2189,1804,364,21,0.8241206030150754,0.16628597533120146,0.009593421653723162,0.8177981787221441,0.18220182127785592,0.17966180397012732
1805,25844,2190,1776,395,19,0.810958904109589,0.18036529680365296,0.008675799086757991,0.8186866069445473,0.18131339305545272,0.1810478254140226
1806,25854,2189,1820,356,13,0.8314298766560073,0.1626313385107355,0.005938784833257195,0.8204710413272108,0.17952895867278923,0.1807844047342771
1807,25851,2188,1793,378,17,0.8194698354661791,0.17276051188299818,0.007769652650822669,0.8200740740740741,0.17992592592592593,0.18142431627403197
1808,25856,2188,1811,363,14,0.8276965265082267,0.16590493601462522,0.006398537477148081,0.81901022373685,0.1809897762631501,0.18135055693069307
1809,25857,2189,1828,347,14,0.8350845134764733,0.1585198720877113,0.006395614435815441,0.8187472234562416,0.18125277654375832,0.18068608113856982
1810,25859,2190,1804,371,15,0.8237442922374429,0.16940639269406393,0.00684931506849315,0.8192985052538109,0.18070149474618913,0.18094280521288525
1811,25863,2190,1810,364,16,0.8264840182648402,0.16621004566210046,0.0073059360730593605,0.8167825958265502,0.18321740417344975,0.18095348567451572
1812,25863,2190,1792,378,20,0.8182648401826484,0.1726027397260274,0.0091324200913242,0.8167961524232334,0.18320384757676655,0.18153346479526736
1813,25861,2190,1835,332,23,0.8378995433789954,0.15159817351598173,0.010502283105022832,0.8172941785635032,0.18270582143649677,0.18034878774989366
1814,25868,2191,1804,374,13,0.8233683249657691,0.17069831127339113,0.005933363760839799,0.8159432078680766,0.18405679213192339,0.18091850935518788
1815,25870,2191,1795,379,17,0.81926061159288,0.17298037425832952,0.007759014148790507,0.816030760130139,0.183969239869861,0.18163896405102437
1816,25864,2190,1795,373,22,0.819634703196347,0.17031963470319636,0.01004566210045662,0.8152776750720994,0.1847223249279006,0.182067738942159
1817,25866,2189,1807,365,17,0.8254910918227502,0.1667428049337597,0.0077661032434901784,0.8190025159094273,0.18099748409057273,0.1821696435475141
1818,25867,2190,1824,350,16,0.8328767123287671,0.1598173515981735,0.0073059360730593605,0.8178859383090465,0.18211406169095348,0.18162137085862295
1819,25865,2190,1806,367,17,0.8246575342465754,0.16757990867579908,0.007762557077625571,0.8177784351427304,0.18222156485726965,0.1818287260777112
1820,25866,2190,1789,383,18,0.8168949771689498,0.17488584474885846,0.00821917808219178,0.817031666173424,0.1829683338265759,0.18244026907909996
1821,25868,2189,1832,342,15,0.8369118318867063,0.15623572407492006,0.006852444038373686,0.8160698431488607,0.1839301568511394,0.18134374516777485
1822,25862,2189,1811,356,22,0.8273184102329831,0.1626313385107355,0.010050251256281407,0.8174215512137359,0.18257844878626406,0.18107648287062098
1823,25857,2189,1778,389,22,0.812243033348561,0.17770671539515762,0.010050251256281407,0.8171525825070297,0.18284741749297026,0.1820783540240554
1824,25861,2190,1853,324,13,0.8461187214611872,0.14794520547945206,0.005936073059360731,0.8166752977731745,0.18332470222682548,0.18034878774989366
1825,25859,2191,1796,376,19,0.8197170241898677,0.1716111364673665,0.00867183934276586,0.8164472711137406,0.18355272888625943,0.18094280521288525
1826,25860,2190,1820,353,17,0.8310502283105022,0.16118721461187216,0.007762557077625571,0.8175225691875092,0.18247743081249074,0.18051044083526682
1827,25858,2189,1820,352,17,0.8314298766560073,0.16080402010050251,0.0077661032434901784,0.8166407580131764,0.1833592419868236,0.18009900224301956
1828,25863,2189,1819,358,12,0.8309730470534491,0.163544997715852,0.00548195523069895,0.819776478424987,0.18022352157501295,0.17990952325716275
1829,25852,2189,1811,353,25,0.8273184102329831,0.16126084970306076,0.011420740063956145,0.8189757252812315,0.1810242747187685,0.1795218938573418
1830,25854,2190,1840,334,16,0.8401826484018264,0.15251141552511416,0.0073059360730593605,0.8189151187745134,0.18108488122548658,0.17838632319950493
1831,25855,2189,1832,344,13,0.8369118318867063,0.15714938328003655,0.005938784833257195,0.8197497964320083,0.1802502035679917,0.17772191065557918
1832,25860,2189,1816,362,11,0.8296025582457743,0.16537231612608497,0.005025125628140704,0.8212302909171664,0.17876970908283366,0.1777262180974478
1833,25858,2188,1833,337,18,0.8377513711151737,0.1540219378427788,0.008226691042047532,0.820571682464455,0.17942831753554503,0.17677314564158095
1834,25854,2189,1829,342,18,0.8355413430790315,0.15623572407492006,0.008222932846048425,0.8219573586023098,0.17804264139769027,0.17606559913359635
1835,25853,2190,1820,351,19,0.8310502283105022,0.16027397260273973,0.008675799086757991,0.8244783187805239,0.1755216812194761,0.17580164777782076
1836,25853,2191,1779,395,17,0.8119580100410771,0.18028297581013236,0.007759014148790507,0.8223849681905607,0.17761503180943927,0.17715545584651685
1837,25859,2190,1820,356,14,0.8310502283105022,0.16255707762557078,0.006392694063926941,0.8246613870179853,0.17533861298201464,0.17684365211338413
1838,25857,2189,1833,339,17,0.8373686614892645,0.15486523526724533,0.0077661032434901784,0.8252276260270931,0.17477237397290696,0.17604517152028465
1839,25863,2189,1839,339,11,0.840109639104614,0.15486523526724533,0.005025125628140704,0.8253498186125713,0.17465018138742874,0.17542435139001664
1840,25859,2189,1789,382,18,0.8172681589767017,0.1745089081772499,0.008222932846048425,0.8227501480165779,0.17724985198342214,0.17653428206813876
1841,25866,2190,1833,344,13,0.836986301369863,0.15707762557077626,0.005936073059360731,0.8227417326329807,0.1772582673670193,0.17590659553081264
1842,25864,2189,1805,367,17,0.8245774326176336,0.1676564641388762,0.0077661032434901784,0.8226415094339623,0.17735849056603772,0.1765388184348902
1843,25859,2190,1808,355,27,0.8255707762557077,0.16210045662100456,0.012328767123287671,0.8230376562846785,0.17696234371532144,0.17668896709076143
1844,25854,2190,1810,360,20,0.8264840182648402,0.1643835616438356,0.0091324200913242,0.821544835750222,0.17845516424977803,0.17691653129109616
1845,25856,2191,1870,303,18,0.8534915563669557,0.13829301688726608,0.008215426745778184,0.8213149914947119,0.17868500850528807,0.17500773514851486
1846,25852,2191,1818,357,16,0.8297581013235965,0.16293929712460065,0.00730260155180283,0.819949719018042,0.180050280981958,0.17542163082159987
1847,25854,2190,1829,345,16,0.8351598173515982,0.15753424657534246,0.0073059360730593605,0.8198431488606096,0.18015685113939034,0.17521466697609656
1848,25859,2189,1828,347,14,0.8350845134764733,0.1585198720877113,0.006395614435815441,0.8217484639869717,0.17825153601302834,0.1751421168645346
1849,25857,2189,1810,363,16,0.8268615806304248,0.1658291457286432,0.007309273640931932,0.8249185667752443,0.1750814332247557,0.17561975480527517
1850,25864,2189,1826,350,13,0.8341708542713567,0.15989036089538602,0.005938784833257195,0.8239212493523795,0.17607875064762046,0.1754562326012991
1851,25863,2188,1840,332,16,0.8409506398537477,0.15173674588665448,0.007312614259597806,0.8236600533017471,0.1763399466982529,0.17461238062096432
1852,25862,2188,1851,323,14,0.8459780621572212,0.1476234003656307,0.006398537477148081,0.8256588688184779,0.17434113118152206,0.17342046245456655
1853,25851,2188,1819,349,20,0.8313528336380256,0.15950639853747714,0.009140767824497258,0.8244613903901681,0.17553860960983195,0.17330083942594096
1854,25845,2189,1809,358,22,0.8264047510278666,0.163544997715852,0.010050251256281407,0.8254367782055079,0.17456322179449216,0.17349584058812148
1855,25841,2190,1809,360,21,0.826027397260274,0.1643835616438356,0.009589041095890411,0.8268206039076377,0.17317939609236235,0.1737935838396347
1856,25833,2191,1816,352,23,0.8288452761296212,0.16065723413966226,0.010497489730716568,0.8289795012210464,0.1710204987789536,0.17365385359811095
1857,25831,2190,1831,339,20,0.8360730593607306,0.1547945205479452,0.0091324200913242,0.8264603538905753,0.17353964610942474,0.1731253145445395
1858,25834,2190,1811,364,15,0.8269406392694064,0.16621004566210046,0.00684931506849315,0.8262350936967632,0.1737649063032368,0.17368584036540993
1859,25840,2189,1832,343,14,0.8369118318867063,0.1566925536774783,0.006395614435815441,0.8251851851851851,0.1748148148148148,0.17341331269349844
1860,25847,2188,1860,317,11,0.850091407678245,0.14488117001828155,0.005027422303473492,0.8248369887374036,0.1751630112625963,0.1723217394668627
1861,25841,2187,1816,353,18,0.8303612254229538,0.16140832190214907,0.00823045267489712,0.8260708463020602,0.17392915369793982,0.1727874308269804
1862,25847,2188,1789,388,11,0.8176416819012797,0.1773308957952468,0.005027422303473492,0.8250722382751723,0.17492776172482774,0.17429488915541455
1863,25840,2188,1817,345,26,0.8304387568555759,0.1576782449725777,0.011882998171846435,0.8245925925925925,0.1754074074074074,0.17414860681114552
1864,25838,2189,1832,340,17,0.8369118318867063,0.15532206486980357,0.0077661032434901784,0.8252851429417865,0.1747148570582136,0.17385246536109605
1865,25838,2189,1833,340,16,0.8373686614892645,0.15532206486980357,0.007309273640931932,0.8250759090572466,0.17492409094275346,0.17358154655933122
1866,25842,2191,1835,341,15,0.837517115472387,0.1556366955727978,0.006846188954815153,0.823194197750148,0.17680580224985198,0.17343858834455536
1867,25832,2189,1799,365,25,0.8218364550022842,0.1667428049337597,0.011420740063956145,0.8239650448048582,0.1760349551951418,0.17424125116135025
1868,25840,2190,1809,366,15,0.826027397260274,0.16712328767123288,0.00684931506849315,0.8247575331309691,0.17524246686903086,0.17492260061919504
1869,25844,2190,1823,351,16,0.8324200913242009,0.16027397260273973,0.0073059360730593605,0.8248094145511065,0.1751905854488935,0.17501160811019967
1870,25838,2190,1813,354,23,0.8278538812785388,0.16164383561643836,0.010502283105022832,0.8260547742413027,0.17394522575869725,0.17524576205588668
1871,25841,2189,1803,371,15,0.8236637734125172,0.16948378254910917,0.006852444038373686,0.8246185750259221,0.1753814249740779,0.17599938082891528
1872,25844,2189,1810,364,15,0.8268615806304248,0.16628597533120146,0.006852444038373686,0.8218782402607021,0.1781217597392979,0.17636588763349326
1873,25844,2189,1826,344,19,0.8341708542713567,0.15714938328003655,0.00867976244860667,0.8222617196178627,0.1777382803821373,0.17609503172883453
1874,25843,2187,1795,376,16,0.8207590306355739,0.17192501143118427,0.007315957933241884,0.8239697598576935,0.17603024014230656,0.17718531130286733
1875,25853,2189,1818,360,11,0.8305162174508908,0.16445865692096848,0.005025125628140704,0.8223620881155128,0.17763791188448722,0.17746489769079024
1876,25841,2189,1815,349,25,0.8291457286432161,0.15943353129282778,0.011420740063956145,0.8209341920201347,0.17906580797986527,0.17739251576951356
1877,25839,2190,1764,406,20,0.8054794520547945,0.18538812785388128,0.0091324200913242,0.8208203761291278,0.17917962387087222,0.17953481171871977
1878,25841,2190,1806,361,23,0.8246575342465754,0.16484018264840183,0.010502283105022832,0.8187338022954461,0.18126619770455388,0.17967570914438297
1879,25847,2191,1818,356,17,0.8297581013235965,0.16248288452761298,0.007759014148790507,0.8191638919718831,0.18083610802811692,0.1797887569156962
1880,25846,2189,1814,357,18,0.8286888990406578,0.16308816811329374,0.008222932846048425,0.8199792654028436,0.1800207345971564,0.17991178518919757
1881,25836,2190,1804,358,28,0.8237442922374429,0.1634703196347032,0.012785388127853882,0.8164186838404027,0.1835813161595973,0.18013624400061928
1882,25842,2191,1788,386,17,0.8160657234139662,0.17617526243724327,0.007759014148790507,0.8160621761658031,0.18393782383419688,0.1813327141862085
1883,25847,2190,1807,368,15,0.8251141552511415,0.1680365296803653,0.00684931506849315,0.8170244263508513,0.18297557364914876,0.18164583897550973
1884,25850,2189,1834,339,16,0.8378254910918228,0.15486523526724533,0.007309273640931932,0.8174144824522435,0.18258551754775657,0.18085106382978725
1885,25843,2188,1792,374,22,0.8190127970749543,0.17093235831809872,0.010054844606946984,0.8166197600355503,0.18338023996444971,0.18148047827264638
1886,25843,2189,1787,380,22,0.8163544997715853,0.17359524897213338,0.010050251256281407,0.8159063981042654,0.1840936018957346,0.18221568703323918
1887,25849,2189,1801,374,14,0.8227501142074006,0.1708542713567839,0.006395614435815441,0.8154620853080569,0.18453791469194314,0.18259893999767882
1888,25838,2190,1790,372,28,0.817351598173516,0.16986301369863013,0.012785388127853882,0.816445858929761,0.18355414107023907,0.1829862992491679
1889,25842,2189,1821,351,17,0.8318867062585655,0.16034719049794427,0.0077661032434901784,0.8181144930756128,0.18188550692438718,0.18237752495936846
1890,25839,2189,1837,335,17,0.8391959798994975,0.15303791685701235,0.0077661032434901784,0.8169160124426011,0.1830839875573989,0.18131506637253764
1891,25830,2189,1782,382,25,0.8140703517587939,0.1745089081772499,0.011420740063956145,0.815832345971564,0.18416765402843602,0.18203639179248934
1892,25832,2190,1791,381,18,0.8178082191780822,0.17397260273972603,0.00821917808219178,0.8149163086950082,0.18508369130499186,0.18256426138123258
1893,25836,2190,1813,359,18,0.8278538812785388,0.1639269406392694,0.00821917808219178,0.8155634532800237,0.1844365467199763,0.18218764514630748
1894,25842,2189,1819,356,14,0.8309730470534491,0.1626313385107355,0.006395614435815441,0.8186666666666667,0.18133333333333335,0.18183577122513736
1895,25841,2188,1843,326,19,0.8423217550274223,0.1489945155393053,0.008683729433272395,0.8174138569840682,0.18258614301593182,0.1804109748074765
1896,25836,2188,1796,375,17,0.8208409506398537,0.17138939670932357,0.007769652650822669,0.8149492555004074,0.18505074449959255,0.18094906332249575
1897,25837,2189,1806,363,20,0.8250342622201918,0.1658291457286432,0.009136592051164915,0.816,0.184,0.18086465146882377
1898,25844,2189,1805,373,11,0.8245774326176336,0.17039744175422566,0.005025125628140704,0.8175220321410057,0.1824779678589943,0.18116390651601919
1899,25850,2188,1819,354,15,0.8313528336380256,0.16179159049360145,0.006855575868372943,0.8203779177473138,0.1796220822526862,0.18077369439071567
1900,25852,2189,1824,351,14,0.8332571950662403,0.16034719049794427,0.006395614435815441,0.8199925953350611,0.18000740466493892,0.18021816493888287
1901,25840,2189,1815,347,27,0.8291457286432161,0.1585198720877113,0.012334399269072635,0.8192655116244631,0.1807344883755368,0.17956656346749225
1902,25846,2191,1831,344,16,0.8356914650844364,0.15700593336376084,0.00730260155180283,0.8171995263469508,0.18280047365304913,0.17878975470092084
1903,25848,2191,1810,366,15,0.8261068005476951,0.16704701049748974,0.006846188954815153,0.8189419163891972,0.1810580836108028,0.17885329619312906
1904,25838,2190,1783,377,30,0.8141552511415525,0.17214611872146118,0.0136986301369863,0.8208259325044405,0.1791740674955595,0.17946435482622494
1905,25841,2190,1821,348,21,0.8315068493150685,0.1589041095890411,0.009589041095890411,0.8213994816734542,0.17860051832654572,0.17882434890290624
1906,25843,2190,1817,356,17,0.8296803652968037,0.16255707762557078,0.007762557077625571,0.8220445628840033,0.17795543711599673,0.17865572882405292
1907,25843,2191,1812,361,18,0.8270196257416704,0.16476494751255136,0.008215426745778184,0.8198431488606096,0.18015685113939034,0.17857833842820106
1908,25844,2189,1843,332,14,0.841936957514847,0.1516674280493376,0.006395614435815441,0.8195483154387264,0.1804516845612736,0.1773719238507971
1909,25836,2188,1815,354,19,0.8295246800731262,0.16179159049360145,0.008683729433272395,0.8205793021705311,0.17942069782946884,0.17723331785106053
1910,25838,2188,1795,378,15,0.8203839122486288,0.17276051188299818,0.006855575868372943,0.8215979839905129,0.1784020160094871,0.17803235544546792
1911,25833,2188,1828,339,21,0.8354661791590493,0.15493601462522852,0.009597806215722121,0.8211056765970061,0.1788943234029939,0.17729261022722873
1912,25845,2188,1815,366,7,0.8295246800731262,0.16727605118829983,0.0031992687385740404,0.8223045572434234,0.1776954427565765,0.17767459856838846
1913,25850,2189,1852,323,14,0.8460484239378712,0.14755596162631338,0.006395614435815441,0.8219523033624648,0.17804769663753517,0.1762862669245648
1914,25845,2189,1801,373,15,0.8227501142074006,0.17039744175422566,0.006852444038373686,0.8199185486856719,0.18008145131432804,0.17701683110853164
1915,25838,2188,1823,341,24,0.833180987202925,0.15585009140767825,0.010968921389396709,0.8214285714285714,0.17857142857142858,0.17640684263487885
1916,25846,2190,1850,328,12,0.8447488584474886,0.14977168949771688,0.005479452054794521,0.8221317542561066,0.1778682457438934,0.1753462818231061
1917,25841,2190,1818,350,22,0.8301369863013699,0.1598173515981735,0.01004566210045662,0.8237993043735662,0.1762006956264338,0.17530281335861617
1918,25843,2191,1815,356,20,0.8283888635326335,0.16248288452761298,0.009128251939753538,0.8226546315477952,0.1773453684522048,0.1753279418024223
1919,25839,2190,1840,331,19,0.8401826484018264,0.15114155251141553,0.008675799086757991,0.8238081137103939,0.17619188628960616,0.17431015132164557
1920,25848,2190,1824,355,11,0.8328767123287671,0.16210045662100456,0.00502283105022831,0.8243873547049678,0.1756126452950322,0.1743655215103683
1921,25837,2189,1814,348,27,0.8286888990406578,0.15897670169026953,0.012334399269072635,0.8245484157536275,0.17545158424637253,0.1741301234663467
1922,25842,2189,1819,357,13,0.8309730470534491,0.16308816811329374,0.005938784833257195,0.8256683699918537,0.17433163000814633,0.1742125222505998
1923,25839,2189,1829,343,17,0.8355413430790315,0.1566925536774783,0.0077661032434901784,0.8262736966824644,0.17372630331753555,0.17384573706412787
1924,25838,2189,1832,340,17,0.8369118318867063,0.15532206486980357,0.0077661032434901784,0.826718009478673,0.173281990521327,0.17342673581546558
1925,25834,2188,1797,374,17,0.8212979890310786,0.17093235831809872,0.007769652650822669,0.8253427195257502,0.17465728047424972,0.1743438878996671
1926,25837,2188,1802,368,18,0.823583180987203,0.16819012797074953,0.008226691042047532,0.8261320684799526,0.17386793152004743,0.1749816155126369
1927,25839,2189,1821,352,16,0.8318867062585655,0.16080402010050251,0.007309273640931932,0.8260611897177569,0.17393881028224312,0.1749293703316692
1928,25840,2188,1801,371,16,0.823126142595978,0.16956124314442414,0.007312614259597806,0.8253556609365738,0.1746443390634262,0.17569659442724458
1929,25840,2189,1820,353,16,0.8314298766560073,0.16126084970306076,0.007309273640931932,0.823790830308866,0.17620916969113398,0.17569659442724458
1930,25835,2189,1841,331,17,0.8410232983097304,0.15121059844677937,0.0077661032434901784,0.8229891867871426,0.17701081321285736,0.17499516160247727
1931,25832,2189,1830,338,21,0.8359981726815897,0.15440840566468708,0.009593421653723162,0.822,0.178,0.17474450294208732
1932,25825,2189,1819,347,23,0.8309730470534491,0.1585198720877113,0.010507080858839652,0.8208756204163271,0.17912437958367286,0.17483059051306873
1933,25835,2191,1817,362,12,0.8293016887266088,0.16522136010953903,0.005476951163852123,0.8207596061301548,0.17924039386984528,0.17534352622411456
1934,25842,2190,1826,349,15,0.8337899543378996,0.1593607305936073,0.00684931506849315,0.8222880414661237,0.17771195853387634,0.17537342310966644
1935,25844,2189,1800,375,14,0.8222932846048424,0.17131110095934216,0.006395614435815441,0.8226451421800948,0.1773548578199052,0.1764045813341588
1936,25860,2188,1803,381,4,0.8240402193784278,0.17413162705667276,0.0018281535648994515,0.8222831320838581,0.17771686791614194,0.17745552977571538
1937,25860,2188,1834,338,16,0.8382084095063985,0.15447897623400367,0.007312614259597806,0.8230154028436019,0.1769845971563981,0.1768754833720031
1938,25865,2188,1808,368,12,0.8263254113345521,0.16819012797074953,0.005484460694698354,0.8240651610514624,0.1759348389485376,0.17745988787937367
1939,25872,2189,1847,330,12,0.84376427592508,0.1507537688442211,0.00548195523069895,0.8226498889711324,0.1773501110288675,0.17648423005565864
1940,25869,2190,1796,379,15,0.8200913242009132,0.1730593607305936,0.00684931506849315,0.8219066637083056,0.1780933362916944,0.17747110441068462
1941,25869,2190,1817,353,20,0.8296803652968037,0.16118721461187216,0.0091324200913242,0.8229027962716379,0.17709720372836218,0.17720051026324946
1942,25870,2190,1841,333,16,0.8406392694063927,0.15205479452054796,0.0073059360730593605,0.8208105309865404,0.17918946901345956,0.17630459992269037
1943,25867,2191,1844,330,17,0.8416248288452761,0.15061615700593337,0.007759014148790507,0.8215552927261975,0.1784447072738025,0.1753585649669463
1944,25874,2193,1825,355,13,0.8321933424532604,0.16187870497036025,0.005927952576379389,0.8197399527186762,0.1802600472813239,0.1754657184818737
1945,25874,2191,1836,337,18,0.8379735280693748,0.1538110451848471,0.008215426745778184,0.8201773835920178,0.17982261640798225,0.17492463476849346
1946,25879,2191,1825,352,14,0.8329529895025103,0.16065723413966226,0.006389776357827476,0.8212596096984033,0.1787403903015967,0.17500676223965378
1947,25888,2190,1822,360,8,0.8319634703196347,0.1643835616438356,0.0036529680365296802,0.8239077400754048,0.17609225992459526,0.1753322002472188
1948,25885,2189,1831,339,19,0.836455002284148,0.15486523526724533,0.00867976244860667,0.8253698224852071,0.1746301775147929,0.17477303457600926
1949,25887,2189,1840,336,13,0.8405664687071722,0.1534947464595706,0.005938784833257195,0.8255306560165668,0.17446934398343317,0.1741414609649631
1950,25886,2189,1824,353,12,0.8332571950662403,0.16126084970306076,0.00548195523069895,0.8262830942168319,0.17371690578316817,0.17410955728965463
1951,25889,2190,1821,358,11,0.8315068493150685,0.1634703196347032,0.00502283105022831,0.8245860437610881,0.1754139562389119,0.17420526092162694
1952,25889,2188,1827,350,11,0.8350091407678245,0.15996343692870202,0.005027422303473492,0.8267751479289941,0.1732248520710059,0.17385762292865695
1953,25877,2189,1842,324,23,0.8414801279122888,0.14801279122887162,0.010507080858839652,0.8278488501072248,0.17215114989277527,0.17270162692738725
1954,25873,2190,1843,330,17,0.8415525114155251,0.1506849315068493,0.007762557077625571,0.8267524401064774,0.17324755989352264,0.17187801955706722
1955,25864,2191,1805,364,22,0.8238247375627568,0.16613418530351437,0.010041077133728891,0.8251774098166765,0.17482259018332347,0.17251778533869472
1956,25860,2191,1840,328,23,0.8397991784573254,0.14970333181195802,0.010497489730716568,0.825386264508021,0.174613735491979,0.1716937354988399
1957,25856,2191,1817,353,21,0.8293016887266088,0.16111364673664993,0.009584664536741214,0.8261834319526628,0.17381656804733728,0.17199102722772278
1958,25859,2190,1843,332,15,0.8415525114155251,0.15159817351598173,0.00684931506849315,0.827550491973071,0.17244950802692904,0.17146834757724583
1959,25852,2189,1818,353,18,0.8305162174508908,0.16126084970306076,0.008222932846048425,0.8270170244263508,0.17298297557364914,0.17182423023363763
1960,25849,2189,1822,347,20,0.8323435358611238,0.1585198720877113,0.009136592051164915,0.8278415401703073,0.17215845982969272,0.17196023056984797
1961,25851,2188,1828,347,13,0.8354661791590493,0.1585923217550274,0.005941499085923218,0.8266923418752777,0.17330765812472226,0.1720242930640981
1962,25851,2188,1862,312,14,0.8510054844606947,0.1425959780621572,0.006398537477148081,0.8279514146052437,0.17204858539475634,0.17067038025608294
1963,25844,2187,1812,356,19,0.8285322359396433,0.1627800640146319,0.008687700045724738,0.8280358598207009,0.1719641401792991,0.1712583191456431
1964,25849,2188,1826,352,10,0.8345521023765996,0.16087751371115175,0.004570383912248629,0.8280103742126713,0.17198962578732865,0.17141862354443113
1965,25849,2188,1844,329,15,0.8427787934186471,0.1503656307129799,0.006855575868372943,0.8268276423968595,0.1731723576031405,0.17076095787071066
1966,25845,2188,1841,333,14,0.8414076782449725,0.15219378427787933,0.006398537477148081,0.8280254777070064,0.17197452229299362,0.17032307989940026
1967,25845,2188,1806,367,15,0.8254113345521024,0.16773308957952468,0.006855575868372943,0.828406312513892,0.17159368748610804,0.17132907719094603
1968,25841,2189,1835,334,20,0.838282320694381,0.1525810872544541,0.009136592051164915,0.8270398341477861,0.17296016585221383,0.17085252118726055
1969,25842,2190,1826,351,13,0.8337899543378996,0.16027397260273973,0.005936073059360731,0.8285946986524507,0.17140530134754925,0.17119418001702655
1970,25843,2189,1832,338,19,0.8369118318867063,0.15440840566468708,0.00867976244860667,0.8285566170480634,0.17144338295193662,0.17107147003056922
1971,25841,2189,1814,357,18,0.8286888990406578,0.16308816811329374,0.008222932846048425,0.8276321634828965,0.17236783651710352,0.17162648504314848
1972,25838,2189,1823,345,21,0.8328003654636821,0.1576062128825948,0.009593421653723162,0.8284212085308057,0.1715787914691943,0.17172381763294373
1973,25845,2190,1817,362,11,0.8296803652968037,0.16529680365296803,0.00502283105022831,0.8281377267678638,0.17186227323213624,0.17233507448249177
1974,25847,2189,1855,319,15,0.8474189127455459,0.1457286432160804,0.006852444038373686,0.8268048870788597,0.17319511292114032,0.17131582001779705
1975,25852,2189,1862,317,10,0.8506167199634537,0.1448149840109639,0.0045682960255824575,0.8266084252609758,0.17339157473902422,0.1703543246170509
1976,25842,2188,1810,355,23,0.8272394881170019,0.16224862888482633,0.010511882998171846,0.8268404680788032,0.17315953192119685,0.17100069654051545
1977,25843,2190,1794,374,22,0.8191780821917808,0.17077625570776256,0.01004566210045662,0.8249185667752443,0.1750814332247557,0.17219363077042138
1978,25845,2190,1852,320,18,0.845662100456621,0.1461187214611872,0.00821917808219178,0.8260161397793736,0.17398386022062634,0.17125169278390404
1979,25836,2189,1827,342,20,0.8346276838739151,0.15623572407492006,0.009136592051164915,0.8289775671873844,0.17102243281261567,0.1713500541879548
1980,25841,2190,1866,308,16,0.852054794520548,0.14063926940639268,0.0073059360730593605,0.8277547393364929,0.17224526066350712,0.17007855733137262
1981,25836,2189,1826,345,18,0.8341708542713567,0.1576062128825948,0.008222932846048425,0.8261481481481482,0.17385185185185184,0.17038241213810187
1982,25837,2189,1858,317,14,0.8487894015532207,0.1448149840109639,0.006395614435815441,0.8273946218238388,0.1726053781761612,0.16929210047606147
1983,25835,2189,1837,334,18,0.8391959798994975,0.1525810872544541,0.008222932846048425,0.8281226848421989,0.17187731515780116,0.16907296303464292
1984,25831,2189,1808,363,18,0.8259479214253084,0.1658291457286432,0.008222932846048425,0.8304695600651756,0.16953043993482447,0.16987340792071542
1985,25831,2188,1838,330,20,0.840036563071298,0.15082266910420475,0.009140767824497258,0.8312458311717187,0.16875416882828134,0.16925399713522513
1986,25833,2189,1852,323,14,0.8460484239378712,0.14755596162631338,0.006395614435815441,0.831493145609485,0.168506854390515,0.1684666898927728
1987,25826,2188,1824,345,19,0.8336380255941499,0.1576782449725777,0.008683729433272395,0.8305662614882894,0.16943373851171065,0.16858979323162704
1988,25821,2189,1811,360,18,0.8273184102329831,0.16445865692096848,0.008222932846048425,0.8298881232866563,0.1701118767133437,0.16912590527090351
1989,25830,2189,1851,325,13,0.845591594335313,0.14846962083142987,0.005938784833257195,0.8324809132013935,0.16751908679860647,0.16848625629113434
1990,25833,2189,1840,337,12,0.8405664687071722,0.15395157606212884,0.00548195523069895,0.8323823638384586,0.16761763616154132,0.1683892695389618
1991,25831,2189,1839,335,15,0.840109639104614,0.15303791685701235,0.006852444038373686,0.8320243034973326,0.16797569650266747,0.16820874143471023
1992,25835,2189,1818,353,18,0.8305162174508908,0.16126084970306076,0.008222932846048425,0.8289863663307647,0.17101363366923533,0.1688794271337333
1993,25836,2189,1778,391,20,0.812243033348561,0.1786203746002741,0.009136592051164915,0.830099244556362,0.16990075544363797,0.17096299736801363
1994,25845,2189,1838,337,14,0.8396528095020558,0.15395157606212884,0.006395614435815441,0.8290750203658446,0.17092497963415537,0.1706326175275682
1995,25847,2189,1809,366,14,0.8264047510278666,0.16719963453631795,0.006395614435815441,0.829187027987561,0.17081297201243892,0.17174140132317098
1996,25846,2189,1791,381,17,0.8181818181818182,0.17405207857469163,0.0077661032434901784,0.8296060426540285,0.17039395734597157,0.17337305579199877
1997,25848,2190,1817,353,20,0.8296803652968037,0.16118721461187216,0.0091324200913242,0.8257328990228013,0.1742671009771987,0.17386258124419685
1998,25848,2189,1832,335,22,0.8369118318867063,0.15303791685701235,0.010050251256281407,0.8252017472421708,0.1747982527578293,0.173785205818632
1999,25849,2191,1859,315,17,0.8484710178000913,0.14376996805111822,0.007759014148790507,0.8239863865048831,0.1760136134951169,0.17277264110797322
2000,25849,2191,1842,336,13,0.8407120036513007,0.15335463258785942,0.005933363760839799,0.8225460463052001,0.1774539536947999,0.1726178962435684
